-6.622376100000000321e-01,1.676220610000000111e+00,2.244246570000000052e+00,1.030856291677461484e-02,1.265313346267428196e-01
-6.628782600000000524e-01,1.674985940000000006e+00,2.243841460000000065e+00,9.098799167956198725e-03,8.736252829769261541e-02
-6.627323999999999993e-01,1.674225170000000151e+00,2.243350130000000053e+00,8.703264796948438284e-03,8.667691397400739683e-02
-6.633268900000000023e-01,1.673476490000000094e+00,2.243080439999999953e+00,7.799189098220448910e-03,5.806057415496258811e-02
-6.634040799999999516e-01,1.672897719999999921e+00,2.243255720000000064e+00,7.536431006066430030e-03,8.321409581391679688e-02
-6.635710500000000511e-01,1.671960169999999968e+00,2.243306420000000134e+00,7.014171578155117999e-03,6.629498563376645670e-02
-6.637276999999999205e-01,1.671286639999999935e+00,2.243226610000000232e+00,6.618100011461069097e-03,7.022671699094554243e-02
-6.636668300000000409e-01,1.670508270000000017e+00,2.243286250000000148e+00,6.376582995641144613e-03,7.469988597194106295e-02
-6.637315499999999480e-01,1.669609869999999940e+00,2.243067040000000123e+00,5.944256010721645118e-03,9.868020754665064731e-02
-6.639632100000000259e-01,1.668640530000000011e+00,2.242783660000000179e+00,5.269218834381626283e-03,9.765888722880404493e-02
-6.640953699999999627e-01,1.667559860000000116e+00,2.242524389999999812e+00,4.735551807825430851e-03,1.228423731764376609e-01
-6.642562399999999423e-01,1.666407570000000060e+00,2.241967569999999910e+00,4.005074057916933362e-03,1.153621998738472154e-01
-6.644650100000000226e-01,1.665166659999999910e+00,2.241562060000000134e+00,3.306254421441410206e-03,1.138903387308773940e-01
-6.645578599999999447e-01,1.663997940000000009e+00,2.241326420000000041e+00,2.920460197571714354e-03,1.063605524364233806e-01
-6.647210800000000752e-01,1.662806930000000127e+00,2.241125069999999830e+00,2.686550587686513825e-03,9.099536230489979616e-02
-6.649459899999999868e-01,1.661905079999999924e+00,2.240903780000000012e+00,2.474302622336233166e-03,6.261717312720031792e-02
-6.648768299999999742e-01,1.661177320000000179e+00,2.240704710000000155e+00,2.452400133624209333e-03,1.028271154285604755e-01
-6.648485499999999826e-01,1.660116499999999995e+00,2.240500250000000193e+00,2.580035622816100830e-03,8.674273647161599710e-02
-6.648797600000000418e-01,1.659174549999999915e+00,2.240186809999999973e+00,2.532971840783105645e-03,1.048497315890905696e-01
-6.648171900000000578e-01,1.658054690000000164e+00,2.239755789999999802e+00,2.565699560801742128e-03,1.030222622975357771e-01
-6.647933400000000104e-01,1.657132049999999968e+00,2.239021200000000267e+00,2.390324549951482885e-03,1.302538832928371304e-01
-6.647611899999998908e-01,1.655957769999999885e+00,2.238318270000000165e+00,2.461015930444373015e-03,1.090697486502819336e-01
-6.648051100000000879e-01,1.654904510000000162e+00,2.237648700000000268e+00,2.684477617377493529e-03,1.315667779127577264e-01
-6.647790799999999667e-01,1.653648430000000058e+00,2.237074250000000042e+00,3.010443654646190355e-03,1.301257070796650595e-01
-6.648583999999999605e-01,1.652376089999999964e+00,2.236300529999999842e+00,3.408802361387264571e-03,1.451487795525285562e-01
-6.648185099999999181e-01,1.651086669999999978e+00,2.235480849999999631e+00,3.738570457206804622e-03,1.278568466446754759e-01
-6.647386299999999970e-01,1.649754610000000010e+00,2.234620099999999887e+00,4.072480467110940923e-03,1.412972729958132667e-01
-6.646287200000000617e-01,1.648695730000000026e+00,2.233793209999999974e+00,4.330145756368959306e-03,1.058871854312875560e-01
-6.643344899999999997e-01,1.647767470000000012e+00,2.232910850000000114e+00,4.415932829142648654e-03,1.144848388500789294e-01
-6.639492900000000253e-01,1.646783859999999988e+00,2.232337130000000336e+00,4.373674426909125376e-03,1.277503516915799719e-01
-6.637513800000000019e-01,1.645762329999999940e+00,2.231488580000000166e+00,4.583316277074937252e-03,1.128994083004701970e-01
-6.635621999999999909e-01,1.644648150000000086e+00,2.230660439999999856e+00,4.806078436324201682e-03,1.246568670672971446e-01
-6.632623799999999292e-01,1.643562219999999963e+00,2.229994049999999728e+00,4.858870753096839606e-03,1.311660845149325016e-01
-6.630478799999999229e-01,1.642493870000000022e+00,2.229151780000000027e+00,5.052839283185121128e-03,1.076706309535089140e-01
-6.627254399999999990e-01,1.641620589999999824e+00,2.228378450000000122e+00,5.125748672359905014e-03,1.151263784014257829e-01
-6.623444800000000132e-01,1.640602270000000029e+00,2.227631080000000097e+00,5.132513005507148562e-03,1.167220462264114411e-01
-6.623001200000000477e-01,1.639583730000000017e+00,2.226950890000000349e+00,5.375880469783233563e-03,1.098670619158523265e-01
-6.620898400000000406e-01,1.638557390000000114e+00,2.226254539999999782e+00,5.475479098791261739e-03,1.341894134376218350e-01
-6.617332899999999185e-01,1.637163699999999888e+00,2.225710989999999612e+00,5.297981229317540001e-03,1.377620417920688289e-01
-6.612379899999999422e-01,1.636085589999999979e+00,2.224883510000000175e+00,5.214954965509960121e-03,1.134358874238694803e-01
-6.607555299999999798e-01,1.635185840000000113e+00,2.224078770000000205e+00,5.177575282252986841e-03,1.222375732895318451e-01
-6.603636999999999979e-01,1.634067409999999887e+00,2.223334120000000080e+00,5.130169968188161983e-03,1.234639333346625456e-01
-6.599056699999999998e-01,1.632949699999999948e+00,2.222863470000000063e+00,4.837205610659968576e-03,9.593343352411734526e-02
-6.596165999999999974e-01,1.631934259999999970e+00,2.222392659999999687e+00,4.666593870608705917e-03,1.382767598181036672e-01
-6.593785299999999072e-01,1.630499649999999967e+00,2.221763119999999869e+00,4.514961268250320021e-03,1.377164103142554941e-01
-6.591704800000000031e-01,1.629239249999999917e+00,2.221085559999999681e+00,4.440459398136851511e-03,1.438304915713922716e-01
-6.588311599999999713e-01,1.628013779999999855e+00,2.220270789999999828e+00,4.367308944888291175e-03,1.659462031701676166e-01
-6.584697699999999543e-01,1.626316899999999954e+00,2.219496010000000297e+00,4.059529241056926245e-03,1.723670007085376932e-01
-6.582785799999999465e-01,1.624871839999999956e+00,2.218420339999999769e+00,4.205575100458928961e-03,1.509984431891943091e-01
-6.580514899999999612e-01,1.623527370000000136e+00,2.217357320000000076e+00,4.304706587840988717e-03,1.482808504222494494e-01
-6.578319699999999326e-01,1.622137770000000145e+00,2.216404210000000319e+00,4.336227673208503490e-03,1.728771936029653011e-01
-6.574935500000000932e-01,1.620608869999999868e+00,2.215486100000000125e+00,4.287517886772825547e-03,1.594126810901211333e-01
-6.573145400000000027e-01,1.619103430000000010e+00,2.214592270000000251e+00,4.191410450122909012e-03,1.473945548942401929e-01
-6.572372799999999238e-01,1.617685400000000051e+00,2.213677720000000182e+00,4.204892855329178149e-03,1.505103162234343039e-01
-6.576366499999999338e-01,1.616275829999999969e+00,2.212770180000000142e+00,4.222091863495903118e-03,1.462979201784024574e-01
-6.577593399999999146e-01,1.614916530000000128e+00,2.212065239999999822e+00,4.019905764082295531e-03,1.304534165687955549e-01
-6.578933000000000142e-01,1.613565650000000185e+00,2.211183160000000036e+00,3.965199402060469100e-03,1.559775448575154710e-01
-6.582922599999999624e-01,1.612201670000000142e+00,2.210369119999999743e+00,3.837889124883716360e-03,1.376267833140296104e-01
-6.584807999999999772e-01,1.610962710000000131e+00,2.209646849999999940e+00,3.714626683342736081e-03,1.289386243815072164e-01
-6.586034400000000399e-01,1.609683909999999996e+00,2.208919380000000210e+00,3.581898401420373530e-03,1.327035485374738200e-01
-6.588472499999999954e-01,1.608396750000000042e+00,2.208147019999999738e+00,3.436307050512644404e-03,1.282447275701598943e-01
-6.590794099999999212e-01,1.607155239999999985e+00,2.207398060000000051e+00,3.271965556863262042e-03,1.333875882394396917e-01
-6.593587100000000145e-01,1.605910390000000021e+00,2.206816960000000272e+00,2.973703456264525143e-03,1.257166336180571831e-01
-6.592530500000000071e-01,1.604739789999999999e+00,2.206216130000000053e+00,2.897899339780418432e-03,8.575433233230586594e-02
-6.594881200000000110e-01,1.603757829999999940e+00,2.205879869999999965e+00,2.621997295612622531e-03,1.144506170389021360e-01
-6.597932899999999767e-01,1.602733150000000162e+00,2.205331179999999947e+00,2.411949891478115324e-03,1.060575274521085160e-01
-6.602014300000000890e-01,1.601865029999999912e+00,2.204765580000000114e+00,2.219823548438019500e-03,9.185193303043562296e-02
-6.604924699999999982e-01,1.601003339999999886e+00,2.204235680000000031e+00,2.092673888330314012e-03,9.077353171556364064e-02
-6.609115899999999932e-01,1.600111810000000023e+00,2.203904370000000057e+00,1.804881332692101449e-03,9.112843727798816684e-02
-6.611109000000000568e-01,1.599273629999999891e+00,2.203488090000000010e+00,1.715237471897186790e-03,8.814618767656604015e-02
-6.615449399999999702e-01,1.598532410000000015e+00,2.203017709999999685e+00,1.456318650502335440e-03,8.174370177391632186e-02
-6.619066599999999800e-01,1.597725569999999928e+00,2.202518809999999938e+00,1.346676184760104561e-03,1.037467411066333722e-01
-6.624868200000000318e-01,1.597003050000000091e+00,2.201946060000000038e+00,1.196677779730207641e-03,7.646490463874590360e-02
-6.629224400000000017e-01,1.596414580000000027e+00,2.201464590000000054e+00,9.948851934267919847e-04,1.053479558733476235e-01
-6.633081599999999245e-01,1.595472620000000008e+00,2.201034270000000070e+00,7.854366103640798413e-04,1.170584105423459198e-01
-6.639500299999999688e-01,1.594697110000000029e+00,2.200327029999999962e+00,5.657069258016788303e-04,8.834939738942866605e-02
-6.643927599999999156e-01,1.594018130000000033e+00,2.199721799999999838e+00,6.140313530269458009e-04,1.097253565923622942e-01
-6.648184099999999708e-01,1.593276099999999973e+00,2.198800139999999903e+00,7.201198495389502224e-04,9.663711961759573199e-02
-6.651372800000000529e-01,1.592568739999999927e+00,2.198146259999999685e+00,8.399204328986458259e-04,8.145259514526140276e-02
-6.655120700000000111e-01,1.592008929999999989e+00,2.197525109999999948e+00,6.379164536991370526e-04,9.259126857861400828e-02
-6.659439200000000225e-01,1.591199910000000051e+00,2.196832790000000202e+00,6.641533893611098775e-04,9.950916284228743247e-02
-6.664019500000000207e-01,1.590636759999999983e+00,2.196219460000000012e+00,7.394306537465204733e-04,7.682787787325885687e-02
-6.668171399999999194e-01,1.590032080000000070e+00,2.195610359999999872e+00,7.818977334664181742e-04,1.041934749546794547e-01
-6.672354099999999733e-01,1.589468120000000040e+00,2.194771369999999777e+00,6.768703209627799974e-04,1.039306740156916986e-01
-6.675946099999999772e-01,1.588790700000000111e+00,2.193994870000000041e+00,7.520415912700146709e-04,8.041703176755084226e-02
-6.680841199999999480e-01,1.588347499999999801e+00,2.193352020000000291e+00,7.681838183665220914e-04,9.154023879300843269e-02
-6.685623699999999614e-01,1.587702729999999951e+00,2.192678130000000003e+00,9.118793948216109401e-04,9.357786030967277235e-02
-6.687908399999999975e-01,1.587189949999999961e+00,2.191871719999999968e+00,9.086024138754206963e-04,9.039697417257980261e-02
-6.690579699999998908e-01,1.586762009999999945e+00,2.191007480000000118e+00,1.087070343354111729e-03,9.147418853517678972e-02
-6.693895199999999601e-01,1.586095739999999976e+00,2.190269189999999977e+00,1.314208240006170623e-03,8.779306738677836175e-02
-6.692361000000000004e-01,1.585660529999999957e+00,2.189471179999999961e+00,1.836340029324703364e-03,7.538446852313843149e-02
-6.695819900000000713e-01,1.585518739999999926e+00,2.188613580000000169e+00,1.958044209945154508e-03,8.875149146458626015e-02
-6.699365800000000037e-01,1.585165520000000106e+00,2.187827500000000036e+00,2.179683613463126619e-03,1.133095476360716780e-01
-6.705874299999999844e-01,1.584783040000000032e+00,2.186907929999999833e+00,2.155217543404837691e-03,8.476105863416706632e-02
-6.709793000000000562e-01,1.584405659999999827e+00,2.186007669999999958e+00,2.299495882688332073e-03,1.108697230670453171e-01
-6.714791500000000246e-01,1.583821060000000003e+00,2.185133830000000277e+00,2.367395850929556855e-03,1.096813187822053004e-01
-6.717838600000000104e-01,1.583182869999999909e+00,2.184224889999999863e+00,2.627420824040095377e-03,1.069443193447441737e-01
-6.723819099999999160e-01,1.582595520000000144e+00,2.183330799999999794e+00,2.660210373354145869e-03,1.049930560709898264e-01
-6.729183999999999166e-01,1.581905380000000028e+00,2.182503989999999838e+00,2.720732214772466316e-03,1.031577250419427050e-01
-6.734351599999999216e-01,1.581622929999999982e+00,2.181594919999999771e+00,2.873439308024656330e-03,9.071254158127232958e-02
-6.738364599999999704e-01,1.581451819999999842e+00,2.180557129999999955e+00,3.121504784378715831e-03,9.391462647890894133e-02
-6.742021500000000556e-01,1.581350699999999998e+00,2.179646939999999589e+00,3.379949046376544246e-03,1.188480151066118179e-01
-6.750302400000000036e-01,1.581341169999999963e+00,2.178713429999999729e+00,3.395504860753678113e-03,8.385979061403324442e-02
-6.755016600000000038e-01,1.581316909999999964e+00,2.177876320000000199e+00,3.675977715669562652e-03,8.826786855136027621e-02
-6.760016799999999382e-01,1.581245170000000089e+00,2.177000950000000046e+00,3.866048387410670785e-03,9.012978291218905202e-02
-6.762458500000000372e-01,1.581122389999999989e+00,2.176094910000000215e+00,4.251563423341996745e-03,1.005973871600380348e-01
-6.768339899999999965e-01,1.580949919999999898e+00,2.175157900000000311e+00,4.445115217460462315e-03,7.784809038567400141e-02
-6.773750299999999891e-01,1.580614479999999933e+00,2.174532870000000173e+00,4.395437726575074713e-03,1.195370057826365406e-01
-6.781308699999999412e-01,1.580336369999999935e+00,2.173570199999999897e+00,4.432707312444662297e-03,9.937472771847477571e-02
-6.787199000000000426e-01,1.579937990000000125e+00,2.172562629999999828e+00,4.534274822615082419e-03,9.726761933204178256e-02
-6.793088000000000459e-01,1.579733999999999972e+00,2.171753519999999771e+00,4.586604337677315131e-03,1.268546567138327252e-01
-6.802548099999999875e-01,1.579696219999999984e+00,2.170814809999999984e+00,4.615384501923920114e-03,8.541146782604333576e-02
-6.808084899999999884e-01,1.579868459999999919e+00,2.170027299999999659e+00,4.912593979732167611e-03,8.568088510503953092e-02
-6.814350800000000818e-01,1.579752129999999921e+00,2.169280320000000373e+00,5.001449337911753959e-03,9.796710281758473637e-02
-6.819415199999999677e-01,1.579530639999999986e+00,2.168412800000000029e+00,5.098327022269260808e-03,9.557599423791683646e-02
-6.826853099999999896e-01,1.579365799999999931e+00,2.167545259999999807e+00,5.116763456688364076e-03,1.347929612472841265e-01
-6.834219099999999658e-01,1.578938369999999924e+00,2.166414829999999903e+00,5.133907646023785736e-03,1.077878777234371199e-01
-6.839546300000000079e-01,1.578672850000000016e+00,2.165452220000000150e+00,5.236688570060059680e-03,1.078538082524760772e-01
-6.844716199999999473e-01,1.578450439999999899e+00,2.164353000000000193e+00,5.456775417771634641e-03,1.023432315607874787e-01
-6.850276800000000277e-01,1.578223729999999936e+00,2.163345539999999900e+00,5.594058943102032076e-03,1.126855376620375659e-01
-6.856344000000000882e-01,1.578191560000000049e+00,2.162330250000000120e+00,5.811241441903531972e-03,9.937944316337321560e-02
-6.860905300000000873e-01,1.578034020000000037e+00,2.161298630000000109e+00,6.054215201510281495e-03,9.413799368524369826e-02
-6.866108800000000345e-01,1.578010020000000013e+00,2.160354980000000147e+00,6.284635537658399794e-03,1.065019286977040430e-01
-6.870940599999999510e-01,1.578201510000000196e+00,2.159364829999999902e+00,6.664558134985586191e-03,9.901420507365309154e-02
-6.876157699999999595e-01,1.578568409999999922e+00,2.158426350000000049e+00,7.072060932111513647e-03,1.017208735987507745e-01
-6.880688799999999938e-01,1.578944429999999954e+00,2.157420269999999807e+00,7.575034615643793344e-03,1.208395225175078747e-01
-6.888717300000000154e-01,1.579028909999999897e+00,2.156441400000000286e+00,7.682446968837384343e-03,1.081020939295240929e-01
-6.896056799999999987e-01,1.578956969999999904e+00,2.155445970000000155e+00,7.727400404806128442e-03,1.141001257598630442e-01
-6.902868100000000284e-01,1.578739770000000098e+00,2.154484609999999911e+00,7.683597144638837709e-03,1.124869586461924309e-01
-6.908661900000000466e-01,1.578370750000000156e+00,2.153395109999999946e+00,7.674905717381852802e-03,1.280995131203734039e-01
-6.915523000000000087e-01,1.578058870000000002e+00,2.152281050000000029e+00,7.650138170608522872e-03,1.092883046546349601e-01
-6.922950800000000626e-01,1.577701719999999863e+00,2.151203909999999997e+00,7.548523760636805836e-03,1.410885749386584231e-01
-6.931933900000000204e-01,1.577495360000000124e+00,2.150044130000000386e+00,7.465546669775439959e-03,1.094766552581230429e-01
-6.939160500000000065e-01,1.577368510000000112e+00,2.148953070000000132e+00,7.496224013961922013e-03,1.061562864627473429e-01
-6.945922100000000432e-01,1.577219530000000036e+00,2.148079549999999838e+00,7.424784874425623300e-03,1.060177721848424570e-01
-6.950940699999998973e-01,1.577310470000000020e+00,2.147090080000000345e+00,7.644952719552853930e-03,1.094220081412580203e-01
-6.958646099999999945e-01,1.577433479999999832e+00,2.145978739999999885e+00,7.741767932333047664e-03,1.071850643257476615e-01
-6.965696999999999584e-01,1.577458770000000010e+00,2.145101909999999723e+00,7.713830763051588574e-03,1.090275578053169075e-01
-6.971180299999999441e-01,1.577400750000000018e+00,2.144098660000000045e+00,7.835953377286118682e-03,1.100971492771349730e-01
-6.978875300000000337e-01,1.577489760000000185e+00,2.143102740000000228e+00,7.836556318313364980e-03,1.256616187058853529e-01
-6.987050000000000205e-01,1.577429249999999783e+00,2.141920250000000081e+00,7.836836885823273910e-03,1.091104047656025616e-01
-6.992928800000000056e-01,1.577361929999999912e+00,2.140939230000000304e+00,7.914386136409894482e-03,1.057459349326185516e-01
-7.001106999999999747e-01,1.577561339999999923e+00,2.140067430000000215e+00,7.830246500621708058e-03,8.527220285410874734e-02
-7.007724199999999515e-01,1.577802620000000156e+00,2.139514640000000245e+00,7.691082903752845257e-03,8.836898728555997451e-02
-7.013172899999999821e-01,1.577989789999999948e+00,2.138681779999999755e+00,7.769144244805873019e-03,1.101168313722755282e-01
-7.020716000000000179e-01,1.578028280000000061e+00,2.137806340000000027e+00,7.665341878481399598e-03,8.177248771737266608e-02
-7.028526099999999888e-01,1.578259879999999837e+00,2.137201210000000184e+00,7.455019957491633951e-03,1.415771780967041982e-01
-7.041563299999999970e-01,1.578493209999999980e+00,2.136526130000000023e+00,6.857015133853841364e-03,1.049628371106152841e-01
-7.051279900000000378e-01,1.578745220000000060e+00,2.135863360000000100e+00,6.523620964012240633e-03,1.177949350018910185e-01
-7.063401000000000263e-01,1.578957620000000173e+00,2.135311209999999793e+00,5.923705748811382288e-03,1.318298897403488434e-01
-7.074536399999999947e-01,1.579210409999999953e+00,2.134781040000000019e+00,5.411091181573284004e-03,1.213008059783720893e-01
-7.087631300000000190e-01,1.579803190000000024e+00,2.134496400000000182e+00,4.759486283728457667e-03,1.171540399098279644e-01
-7.099954600000000227e-01,1.580175749999999990e+00,2.134115500000000054e+00,4.141485660979552647e-03,1.287339876576196473e-01
-7.111398500000000178e-01,1.580784079999999925e+00,2.133731549999999810e+00,3.781784651642544019e-03,1.441453124116338913e-01
-7.123367499999999630e-01,1.581363569999999941e+00,2.133008789999999877e+00,3.544220677596145262e-03,1.233570452529095945e-01
-7.134694000000000313e-01,1.582069479999999917e+00,2.132542690000000185e+00,3.451804737597276383e-03,1.143719155136351390e-01
-7.144986700000000024e-01,1.582694489999999954e+00,2.132027939999999955e+00,3.440196524706051577e-03,1.191489862434237934e-01
-7.155800900000000020e-01,1.583290010000000025e+00,2.131444569999999761e+00,3.445340988799199065e-03,1.281073322171600304e-01
-7.166529799999999950e-01,1.583903410000000012e+00,2.130913520000000005e+00,3.541616026180759852e-03,1.102149188417101272e-01
-7.175915599999999062e-01,1.584421729999999862e+00,2.130247980000000041e+00,3.583761677469548320e-03,1.192278308945628751e-01
-7.186199199999999676e-01,1.585102989999999989e+00,2.129758830000000103e+00,3.858503148813018872e-03,1.210679250923551026e-01
-7.196368200000000659e-01,1.585428339999999992e+00,2.129068870000000224e+00,3.768979688310993264e-03,1.098356765353005471e-01
-7.204628400000000488e-01,1.585862560000000032e+00,2.128224139999999931e+00,3.705204428206300415e-03,1.090992068182107394e-01
-7.214053099999999663e-01,1.586429360000000122e+00,2.127430739999999876e+00,3.785240731221869558e-03,1.236462948508260384e-01
-7.221511200000000352e-01,1.586969829999999915e+00,2.126697759999999882e+00,3.858468883754302692e-03,9.872393644454714734e-02
-7.227695799999999116e-01,1.587636629999999993e+00,2.126024789999999776e+00,4.047361832774338392e-03,1.040537243982993104e-01
-7.234379000000000781e-01,1.588500819999999925e+00,2.125546809999999898e+00,4.510492913030629894e-03,1.179606795857969237e-01
-7.242370300000000594e-01,1.589258679999999924e+00,2.124980120000000028e+00,4.842453362263974929e-03,8.529179259292023196e-02
-7.249429400000000356e-01,1.589830480000000046e+00,2.124621709999999997e+00,5.135536378227916442e-03,9.356187151904973853e-02
-7.255332399999999682e-01,1.590313419999999978e+00,2.123920950000000030e+00,5.111183611307553235e-03,1.154863673237714883e-01
-7.260864100000000709e-01,1.591030240000000040e+00,2.123114360000000200e+00,5.173552637724106694e-03,1.057758187414633844e-01
-7.267428200000000116e-01,1.591591959999999917e+00,2.122265580000000096e+00,5.109569993101172047e-03,1.082217688238634595e-01
-7.273077299999999301e-01,1.592253710000000044e+00,2.121381780000000106e+00,5.060165167007931938e-03,1.062242557334262816e-01
-7.277792800000000284e-01,1.592960139999999969e+00,2.120658860000000256e+00,5.126999603628073880e-03,1.001978673278034332e-01
-7.282347900000000207e-01,1.593704650000000056e+00,2.119912719999999862e+00,5.193781174924387220e-03,9.256467020604028373e-02
-7.285327800000001019e-01,1.594423490000000054e+00,2.119193119999999819e+00,5.242777811322800290e-03,1.126633276404006706e-01
-7.287915700000000552e-01,1.595317729999999878e+00,2.118463209999999819e+00,5.382528491879753213e-03,1.013193469394815110e-01
-7.291754400000000080e-01,1.596138229999999991e+00,2.117736840000000065e+00,5.466970179368100917e-03,1.045381952667088915e-01
-7.294883500000000076e-01,1.597103270000000075e+00,2.117101630000000068e+00,5.710327236884221724e-03,8.150891284680777948e-02
-7.297865100000000549e-01,1.597830580000000111e+00,2.116763120000000331e+00,5.985062021642150940e-03,8.684781550704885611e-02
-7.301789800000000330e-01,1.598516119999999985e+00,2.116157670000000213e+00,6.057876552200625736e-03,8.355924857323271393e-02
-7.306128100000000014e-01,1.599039829999999940e+00,2.115484700000000107e+00,5.969874450187404730e-03,7.874574622640952148e-02
-7.310057599999999489e-01,1.599558940000000096e+00,2.114975030000000089e+00,5.940505709626367654e-03,9.095359841971231707e-02
-7.314266799999999957e-01,1.599973730000000094e+00,2.114116389999999956e+00,5.608706421038785195e-03,9.885574853370948656e-02
-7.318755799999999700e-01,1.600458779999999859e+00,2.113196260000000049e+00,5.280908985809149546e-03,1.001536385519296440e-01
-7.322720900000000421e-01,1.600842280000000173e+00,2.112300940000000349e+00,4.915325029954971565e-03,6.779528648024092663e-02
-7.322847999999999580e-01,1.601073039999999947e+00,2.111627649999999967e+00,4.524321350666615955e-03,8.437489398282958797e-02
-7.326465099999999175e-01,1.601410379999999911e+00,2.110726820000000004e+00,4.097060042628298052e-03,1.011348727052100993e-01
-7.330151699999999382e-01,1.601838539999999922e+00,2.109827689999999922e+00,3.736839607020967392e-03,9.436442068346516387e-02
-7.334237499999999299e-01,1.602541820000000117e+00,2.109115010000000012e+00,3.629010773613177213e-03,9.059255198111250407e-02
-7.336407200000000239e-01,1.603437730000000006e+00,2.108637410000000045e+00,3.819844970859498454e-03,9.609054254963067532e-02
-7.338551700000000011e-01,1.604267239999999983e+00,2.107947129999999891e+00,3.820077716931849672e-03,9.602630524896749176e-02
-7.338837200000000172e-01,1.604986210000000080e+00,2.107240810000000408e+00,3.770181572365128436e-03,9.325580472895979300e-02
-7.340114799999999384e-01,1.605645709999999893e+00,2.106528390000000250e+00,3.673699810354645687e-03,9.212738137755437096e-02
-7.341671400000000514e-01,1.606226249999999967e+00,2.105660400000000099e+00,3.351939929071037078e-03,8.716545365110280053e-02
-7.342288599999999832e-01,1.606697979999999859e+00,2.104878530000000136e+00,3.078183877369878533e-03,8.045746762016113551e-02
-7.344912500000000399e-01,1.607268960000000080e+00,2.104134970000000049e+00,2.889715838106062581e-03,7.310506410609725336e-02
-7.347438800000000159e-01,1.607594090000000087e+00,2.103406189999999842e+00,2.467826598162878825e-03,9.364082099525961045e-02
-7.350165799999999194e-01,1.608166690000000010e+00,2.102653629999999829e+00,2.207718224638055126e-03,9.257486561009317660e-02
-7.351240199999999891e-01,1.608914570000000044e+00,2.101910170000000022e+00,2.166566557066822770e-03,1.086336042729025009e-01
-7.351567500000000255e-01,1.609629570000000065e+00,2.101022030000000207e+00,2.101666026822828978e-03,8.987860586382910577e-02
-7.349241100000000193e-01,1.610336940000000050e+00,2.100310400000000133e+00,2.232525832258355509e-03,8.344681238452530958e-02
-7.350854099999999391e-01,1.611061939999999915e+00,2.099708020000000008e+00,2.205047661185571915e-03,9.104257295241556525e-02
-7.352148800000000151e-01,1.611783519999999914e+00,2.099094510000000025e+00,2.245520983402383812e-03,8.798284716875559575e-02
-7.353182999999999803e-01,1.612411049999999957e+00,2.098424469999999875e+00,2.241473431339365604e-03,8.541095329589983021e-02
-7.353550199999999704e-01,1.613168520000000106e+00,2.097718610000000261e+00,2.274131484963135170e-03,8.609236766740102631e-02
-7.353681800000000379e-01,1.613995559999999996e+00,2.097180759999999644e+00,2.424822839219322162e-03,9.784699000871259489e-02
-7.354582199999999403e-01,1.614766319999999977e+00,2.096660219999999963e+00,2.529186930062781672e-03,7.533211245788093424e-02
-7.354915699999999834e-01,1.615453400000000039e+00,2.096027120000000021e+00,2.600531177913528204e-03,7.950124290591056853e-02
-7.355851200000000922e-01,1.616143980000000147e+00,2.095567579999999985e+00,2.590761716406912545e-03,8.364807415758331033e-02
-7.353922699999999590e-01,1.616916599999999926e+00,2.095035429999999810e+00,2.931104118553351078e-03,8.244081908960765315e-02
-7.354079499999999214e-01,1.617694039999999944e+00,2.094498839999999973e+00,3.064369045937608699e-03,1.174606445096529755e-01
-7.352889600000001025e-01,1.618629080000000053e+00,2.093703439999999638e+00,3.294311795140178380e-03,1.016860710020026370e-01
-7.354514500000000066e-01,1.619490920000000056e+00,2.093094489999999919e+00,3.228069257156693586e-03,8.885508565872647646e-02
-7.352676700000000398e-01,1.620527460000000142e+00,2.092875929999999940e+00,3.542509101385587535e-03,1.137184880893398892e-01
-7.352722200000000319e-01,1.621621629999999925e+00,2.092397900000000366e+00,3.673966216134783545e-03,9.109362179847804719e-02
-7.354805200000000820e-01,1.622573060000000122e+00,2.092022159999999964e+00,3.600176489784876355e-03,8.530640867402898564e-02
-7.355638299999999186e-01,1.623435340000000116e+00,2.091570960000000312e+00,3.620952921276565650e-03,9.775415216860869339e-02
-7.356053299999999462e-01,1.624337649999999966e+00,2.091081409999999696e+00,3.611658334269748829e-03,8.895722068050321285e-02
-7.355398899999999740e-01,1.625264990000000020e+00,2.090665219999999991e+00,3.727548703987768487e-03,8.269422386128537361e-02
-7.355601600000000184e-01,1.626120039999999989e+00,2.090257100000000090e+00,3.763069691249440029e-03,1.016379933247234801e-01
-7.355582600000000193e-01,1.627156980000000086e+00,2.090004780000000117e+00,3.884858124101840931e-03,1.110820638158185186e-01
-7.358717299999999462e-01,1.628204999999999902e+00,2.089600070000000365e+00,3.669546187446356706e-03,7.785640145917310795e-02
-7.360201200000000554e-01,1.629065929999999884e+00,2.089249629999999858e+00,3.521854917823804849e-03,9.599626329179294926e-02
-7.359786400000000173e-01,1.629989699999999875e+00,2.088848489999999725e+00,3.563117293283943766e-03,8.684818367650809501e-02
-7.359780200000000105e-01,1.630813990000000047e+00,2.088292259999999789e+00,3.510555035902298334e-03,1.026589790787138801e-01
-7.360508100000000553e-01,1.631630469999999944e+00,2.087592279999999967e+00,3.358685281981613115e-03,7.996353376325242290e-02
-7.361317699999999631e-01,1.632419210000000120e+00,2.087132839999999767e+00,3.221357809775300413e-03,8.548527692780275022e-02
-7.358266300000000371e-01,1.633156209999999886e+00,2.086721260000000022e+00,3.437478694130370691e-03,7.635132302568704843e-02
-7.358469100000000207e-01,1.634082360000000067e+00,2.086292400000000047e+00,3.373372611749143879e-03,1.077992225438585555e-01
-7.358006299999999555e-01,1.634990970000000043e+00,2.085810599999999848e+00,3.368173063516793301e-03,9.342367968716461246e-02
-7.360107999999999651e-01,1.635883629999999922e+00,2.085259930000000317e+00,3.062177240428887864e-03,7.755574896205749691e-02
-7.357807399999999332e-01,1.636634319999999976e+00,2.084863649999999957e+00,3.161629802886540240e-03,1.221943187236834288e-01
-7.356470400000000298e-01,1.637685810000000020e+00,2.084140679999999968e+00,3.141859832344480984e-03,1.034116182238372789e-01
-7.358566199999999613e-01,1.638561270000000070e+00,2.083533510000000089e+00,2.814880082241525729e-03,9.015673872641423447e-02
-7.358349899999999666e-01,1.639555419999999986e+00,2.083020680000000180e+00,2.720481550553229596e-03,9.167412788930338896e-02
-7.356897799999999599e-01,1.640438740000000006e+00,2.082666820000000030e+00,2.775941460910248855e-03,9.845660369993501637e-02
-7.353775100000000675e-01,1.641335459999999857e+00,2.082059169999999959e+00,2.908250422608013065e-03,7.397319764813085896e-02
-7.353303300000000320e-01,1.642030710000000004e+00,2.081576419999999761e+00,2.827620378586933811e-03,9.092116594739341195e-02
-7.352913299999999097e-01,1.642819640000000136e+00,2.081040259999999975e+00,2.796049524257416662e-03,7.339808266414052373e-02
-7.351261599999999730e-01,1.643459339999999935e+00,2.080643460000000111e+00,2.849141624208976521e-03,8.236489663575229103e-02
-7.350010399999999944e-01,1.644377749999999860e+00,2.080210600000000021e+00,2.796850903087237401e-03,1.161314514253626029e-01
-7.348733800000000205e-01,1.645340159999999941e+00,2.079676890000000000e+00,2.779050621723129499e-03,9.769659410453573889e-02
-7.346111000000000724e-01,1.646388339999999895e+00,2.079383489999999668e+00,2.793770517723385971e-03,9.813683609283245513e-02
-7.345769599999999455e-01,1.647485940000000149e+00,2.079145319999999852e+00,2.583336616780749617e-03,9.912223488920821057e-02
-7.344020900000000074e-01,1.648511440000000050e+00,2.079176950000000357e+00,2.413893298428887359e-03,9.333684612979036010e-02
-7.346807700000000940e-01,1.649481850000000138e+00,2.078823730000000314e+00,1.873820760985260483e-03,8.692493371840182004e-02
-7.345739999999999492e-01,1.650402259999999899e+00,2.078457980000000038e+00,1.765990803486911604e-03,1.138553766009899604e-01
-7.343856400000000617e-01,1.651480839999999839e+00,2.077978019999999759e+00,1.708674745994838906e-03,9.495565492164698140e-02
-7.341676200000000208e-01,1.652496420000000077e+00,2.077656849999999888e+00,1.696277003115924777e-03,8.408071122494498173e-02
-7.339639299999999311e-01,1.653431820000000219e+00,2.077327669999999848e+00,1.564262886538077832e-03,1.055281896890303273e-01
-7.337601200000000157e-01,1.654513960000000061e+00,2.077204379999999961e+00,1.327400097333093906e-03,1.099792269356744678e-01
-7.336395600000000794e-01,1.655609679999999972e+00,2.076860309999999821e+00,1.091908709599864703e-03,9.673651082151735192e-02
-7.334213699999999614e-01,1.656754290000000074e+00,2.076567450000000203e+00,9.215530953231691486e-04,1.202641640024164627e-01
-7.330755899999999992e-01,1.657836429999999917e+00,2.076406940000000034e+00,8.825884435001289966e-04,1.060726886810593322e-01
-7.327037899999999659e-01,1.658962870000000089e+00,2.076141320000000068e+00,8.672484323421429230e-04,9.480590557389016737e-02
-7.323729199999999828e-01,1.660060349999999962e+00,2.075876089999999952e+00,8.659062310667034771e-04,1.151252699396863449e-01
-7.319850099999999360e-01,1.661193539999999969e+00,2.075712869999999821e+00,8.593667904917050510e-04,9.682516480117833724e-02
-7.315097900000000486e-01,1.662033529999999981e+00,2.075393199999999716e+00,7.498601903020966518e-04,8.359169391071111233e-02
-7.310617099999999757e-01,1.662841599999999920e+00,2.074930909999999962e+00,7.810130064218616299e-04,1.213592752720827617e-01
-7.306043800000000532e-01,1.663822920000000094e+00,2.074520670000000067e+00,8.485363372890047723e-04,1.040293249589586133e-01
-7.299674099999999832e-01,1.664762920000000035e+00,2.074157430000000080e+00,1.072775568047676159e-03,8.513629721107479620e-02
-7.294578700000000637e-01,1.665457120000000124e+00,2.073698730000000268e+00,1.431978646558424405e-03,1.037092756540544392e-01
-7.290329799999999416e-01,1.666402720000000004e+00,2.073365390000000197e+00,1.362202246694600802e-03,8.545298941887567723e-02
-7.288803799999999944e-01,1.667300400000000016e+00,2.073007320000000320e+00,1.214953611788949749e-03,9.324809960268728992e-02
-7.284354499999999843e-01,1.668264760000000013e+00,2.072889019999999860e+00,1.125936055244813189e-03,9.614808845410562077e-02
-7.279397899999999755e-01,1.669090949999999962e+00,2.072587469999999765e+00,1.328705450993702790e-03,1.022202208307389087e-01
-7.275008099999999978e-01,1.670122989999999863e+00,2.072242130000000238e+00,1.354982230547434460e-03,1.083237709564314477e-01
-7.269502500000000200e-01,1.671172040000000081e+00,2.072001759999999582e+00,1.292522526573740716e-03,1.173957692918125711e-01
-7.264466600000000218e-01,1.672287159999999995e+00,2.071852279999999880e+00,1.130351812313376211e-03,9.046506642589985381e-02
-7.260966599999999493e-01,1.673244550000000164e+00,2.071663200000000149e+00,1.007584084878137675e-03,9.473989271875810081e-02
-7.256675900000000290e-01,1.674228600000000178e+00,2.071507430000000038e+00,9.665206862760906525e-04,1.380902475321575951e-01
-7.250575999999999688e-01,1.675517040000000124e+00,2.071242509999999815e+00,9.722402181048075184e-04,9.596153745585504768e-02
-7.246697899999999803e-01,1.676538629999999808e+00,2.071118690000000040e+00,1.038574265568015936e-03,9.263094482707137645e-02
-7.241603999999999264e-01,1.677460179999999967e+00,2.070983969999999896e+00,1.176263866358304416e-03,1.095200045301891328e-01
-7.236669000000000018e-01,1.678490610000000105e+00,2.070853279999999685e+00,1.154718195275696111e-03,1.033349484535567714e-01
-7.229817400000000394e-01,1.679453740000000028e+00,2.070799880000000037e+00,1.012410615116318387e-03,7.386985317355672376e-02
-7.225046699999999600e-01,1.680194940000000026e+00,2.070713340000000180e+00,9.816202606404229782e-04,1.030740757722242995e-01
-7.219626199999999994e-01,1.681236289999999967e+00,2.070582710000000048e+00,1.148486904844888247e-03,9.194896204413759155e-02
-7.217079599999999262e-01,1.682069049999999955e+00,2.070469800000000138e+00,1.460322203522157903e-03,8.677650769796829699e-02
-7.211508699999999994e-01,1.682984160000000173e+00,2.070360439999999969e+00,1.493633066084323630e-03,9.843278706846193826e-02
-7.205874300000000288e-01,1.683842300000000014e+00,2.070240670000000005e+00,1.570598796574173900e-03,9.642275191374785615e-02
-7.200006600000000700e-01,1.684647769999999989e+00,2.070061920000000111e+00,1.705490153856066820e-03,8.190257833891419204e-02
-7.193984999999999408e-01,1.685366759999999964e+00,2.070099700000000098e+00,1.673811287929287059e-03,8.370881370056627857e-02
-7.188731499999999608e-01,1.686031239999999931e+00,2.069865150000000042e+00,1.687328836534243877e-03,7.495884466491620213e-02
-7.183969799999999628e-01,1.686716810000000066e+00,2.069665420000000200e+00,1.887715116456897390e-03,7.109096370862140468e-02
-7.178683300000000544e-01,1.687277389999999988e+00,2.069479450000000220e+00,1.871635288056917694e-03,8.235165309247831356e-02
-7.172823600000000077e-01,1.688016089999999858e+00,2.069438739999999832e+00,1.890433810346316265e-03,9.163349354483318887e-02
-7.165285200000000021e-01,1.688603110000000074e+00,2.069325300000000034e+00,1.841857375178586461e-03,7.345299413191604121e-02
-7.159182199999999385e-01,1.689256149999999845e+00,2.069146450000000304e+00,1.854413991372630324e-03,9.374237075609896663e-02
-7.152823999999999849e-01,1.689885050000000000e+00,2.069145599999999696e+00,1.766806727545705427e-03,7.679539904411690487e-02
-7.147625599999999357e-01,1.690583979999999986e+00,2.069019940000000002e+00,1.982202243869010238e-03,7.381691154514398445e-02
-7.139929999999999888e-01,1.690990500000000063e+00,2.068734129999999727e+00,1.825422454365092581e-03,1.059271078900081015e-01
-7.132522399999999818e-01,1.691819530000000071e+00,2.068766529999999992e+00,1.800608701911646410e-03,8.131915680508537692e-02
-7.127121100000000098e-01,1.692479679999999931e+00,2.068727500000000052e+00,1.939195782921153150e-03,8.217387870057674126e-02
-7.121312399999999432e-01,1.693196279999999998e+00,2.068833869999999742e+00,1.956734091004621277e-03,8.792906352420315486e-02
-7.115578900000000262e-01,1.693918309999999927e+00,2.068882270000000023e+00,2.009462334332213010e-03,7.461376253723497887e-02
-7.111973600000000006e-01,1.694692740000000031e+00,2.068894339999999943e+00,2.390918319558418912e-03,7.204534640436116577e-02
-7.105341699999999650e-01,1.695292389999999871e+00,2.068892610000000243e+00,2.328313722224534775e-03,1.045809824576059421e-01
-7.098520199999999170e-01,1.696123789999999909e+00,2.069119700000000339e+00,2.446395639404906272e-03,1.161615521571012083e-01
-7.088884200000000746e-01,1.696867580000000153e+00,2.069196580000000285e+00,2.396538657564454850e-03,9.909504010392897189e-02
-7.080874200000000229e-01,1.697670239999999886e+00,2.069235680000000244e+00,2.540728536542199469e-03,1.133001785437770248e-01
-7.072758900000000182e-01,1.698540099999999997e+00,2.069229829999999826e+00,2.754113880543112691e-03,9.182748361368180123e-02
-7.064907000000000270e-01,1.699240639999999969e+00,2.069218060000000303e+00,2.789358473412874469e-03,8.649768216576375623e-02
-7.056794100000000070e-01,1.699766849999999829e+00,2.069109279999999718e+00,2.691844520955782080e-03,1.018219134476136822e-01
-7.048156799999999444e-01,1.700548970000000049e+00,2.069171380000000227e+00,2.819926889070031514e-03,7.170608408167977732e-02
-7.043817300000000392e-01,1.701160269999999919e+00,2.069101530000000189e+00,3.097748772689572043e-03,7.941944908006876025e-02
-7.036073000000000466e-01,1.701618290000000089e+00,2.068964279999999878e+00,2.985212130234755814e-03,7.860142695444491401e-02
-7.028346399999999550e-01,1.701872449999999981e+00,2.068824479999999966e+00,2.811826378797205317e-03,9.070628867011257257e-02
-7.018978099999999554e-01,1.702199070000000036e+00,2.068517359999999972e+00,2.578025763758021085e-03,9.308507411358249439e-02
-7.009605100000000366e-01,1.702527370000000095e+00,2.068127880000000030e+00,2.407464147895076612e-03,1.150977756679916059e-01
-6.999173300000000042e-01,1.703065460000000142e+00,2.067840180000000139e+00,2.415684400102827579e-03,1.376930192797566899e-01
-6.984589800000000626e-01,1.703651589999999993e+00,2.067700129999999969e+00,2.231606729107948189e-03,1.228716556386628411e-01
-6.972804000000000224e-01,1.704326709999999911e+00,2.067655910000000041e+00,2.223919061521740809e-03,1.222407429588040911e-01
-6.960768600000000195e-01,1.705038060000000133e+00,2.067744910000000047e+00,2.180895051876853910e-03,1.087288048582044503e-01
-6.952318600000000348e-01,1.705717909999999948e+00,2.067388329999999996e+00,2.533936830427913154e-03,9.856967127483579061e-02
-6.941044400000000447e-01,1.706010060000000106e+00,2.067014310000000243e+00,2.595180171645166279e-03,1.330892101346734802e-01
-6.930088899999999885e-01,1.706627840000000118e+00,2.066831060000000164e+00,2.771129405368908359e-03,1.236146825539372468e-01
-6.916776599999999720e-01,1.707044850000000169e+00,2.066591820000000190e+00,2.817059475144127398e-03,1.070000815453854004e-01
-6.905302200000000834e-01,1.707406140000000017e+00,2.066354209999999636e+00,2.950867788312732179e-03,1.200415509059592767e-01
-6.893046699999999527e-01,1.708026670000000191e+00,2.066400439999999783e+00,2.943731291983495320e-03,1.215765661493332650e-01
-6.881533100000000180e-01,1.708561870000000038e+00,2.066256810000000055e+00,3.067785705863241511e-03,8.876519098980671651e-02
-6.872808799999999829e-01,1.709041250000000067e+00,2.066051660000000290e+00,3.256188236650104598e-03,1.199271863784376752e-01
-6.861273300000000352e-01,1.709528309999999829e+00,2.066184959999999737e+00,3.152471607263376309e-03,9.927301629846654873e-02
-6.851139200000000429e-01,1.710015260000000037e+00,2.066011290000000056e+00,3.357927729135842549e-03,8.947663743260615699e-02
-6.841499899999999856e-01,1.710319150000000121e+00,2.065838279999999916e+00,3.529158539510468106e-03,8.891496226330677932e-02
-6.832969899999999930e-01,1.710678560000000070e+00,2.065716469999999916e+00,3.664523274670185293e-03,7.384834261767558861e-02
-6.825112100000000348e-01,1.710904389999999831e+00,2.065500779999999814e+00,3.829196830746715765e-03,8.362320092478067735e-02
-6.816012799999999761e-01,1.710975620000000141e+00,2.065208670000000080e+00,4.078021916775169051e-03,9.575664492196321598e-02
-6.806170300000000672e-01,1.711163420000000102e+00,2.065125589999999622e+00,4.115173825903614344e-03,1.162200617211229664e-01
-6.793100300000000091e-01,1.711192880000000027e+00,2.064871070000000142e+00,4.300367147604977971e-03,9.345149575105947404e-02
-6.783339400000000241e-01,1.711135210000000129e+00,2.064533219999999947e+00,4.607166221019079119e-03,9.856391889508821225e-02
-6.772401500000000407e-01,1.711389979999999866e+00,2.064422109999999755e+00,4.759162198854101529e-03,9.066793023329944301e-02
-6.763072199999999867e-01,1.711561440000000101e+00,2.064341039999999960e+00,4.881468854514997742e-03,1.064524054445009082e-01
-6.750753600000000132e-01,1.712038420000000061e+00,2.064323939999999968e+00,4.949908544569335198e-03,1.462713346800248171e-01
-6.738150600000000212e-01,1.712622619999999873e+00,2.064177040000000130e+00,5.172511826530471965e-03,1.084937888499316327e-01
-6.726229100000000738e-01,1.712970280000000178e+00,2.064114930000000125e+00,5.277496713727082220e-03,8.572475281918236212e-02
-6.716717800000000516e-01,1.713206360000000039e+00,2.064059729999999870e+00,5.354584859622913556e-03,9.389336330414731202e-02
-6.707240599999999553e-01,1.713476420000000111e+00,2.064088960000000306e+00,5.381009111829935902e-03,7.274391989029881100e-02
-6.699113100000000376e-01,1.713648910000000081e+00,2.064020810000000150e+00,5.501297741469585861e-03,8.565941866469943544e-02
-6.689678800000000702e-01,1.713552559999999891e+00,2.063859530000000220e+00,5.639641897044434318e-03,9.717273408905600929e-02
-6.679582699999999651e-01,1.713691049999999994e+00,2.063910010000000295e+00,5.631709439548209829e-03,7.934621733843000291e-02
-6.670532900000000209e-01,1.713741610000000026e+00,2.063837279999999996e+00,5.767946856776623964e-03,8.840799947612983101e-02
-6.659645100000000095e-01,1.713795770000000163e+00,2.063713270000000044e+00,5.907310660351197153e-03,1.288394075209129130e-01
-6.648264200000000290e-01,1.714259720000000042e+00,2.063771270000000158e+00,5.916558236652360615e-03,1.005473229391252998e-01
-6.636158899999999861e-01,1.714553230000000150e+00,2.063845390000000002e+00,5.910752534584776639e-03,9.122310996333823918e-02
-6.626583999999999808e-01,1.714563129999999935e+00,2.063869420000000066e+00,5.919652769656228580e-03,1.063682158210776663e-01
-6.616410799999999925e-01,1.714838289999999876e+00,2.064239199999999830e+00,5.640665928283831315e-03,5.751313757714687086e-02
-6.610357700000000225e-01,1.715097400000000105e+00,2.064249869999999820e+00,5.670347429020775563e-03,7.269924003590930162e-02
-6.602394999999999792e-01,1.715273480000000017e+00,2.064365679999999870e+00,5.628702971626734115e-03,1.027598654107326481e-01
-6.592425399999999325e-01,1.715626440000000086e+00,2.064579420000000276e+00,5.549792302924100307e-03,6.515609802708531573e-02
-6.585075400000000023e-01,1.715739699999999868e+00,2.064646409999999932e+00,5.502832782822016447e-03,6.864123733019066032e-02
-6.577301000000000952e-01,1.715631109999999904e+00,2.064697159999999698e+00,5.478710008542271408e-03,7.578489292378147446e-02
-6.569585499999999190e-01,1.715734549999999858e+00,2.064862130000000295e+00,5.347007456689667829e-03,6.691325057162537948e-02
-6.562109999999999888e-01,1.715810889999999977e+00,2.065011569999999796e+00,5.259823081340534411e-03,6.891823563868998415e-02
-6.554375700000000249e-01,1.715771050000000075e+00,2.065166500000000127e+00,5.130839281579532146e-03,7.280853046754483249e-02
-6.546797800000000445e-01,1.715766829999999965e+00,2.065267400000000197e+00,5.051333510400661704e-03,7.108252328189224034e-02
-6.538718199999999925e-01,1.715735849999999951e+00,2.065366490000000166e+00,5.016889805347242957e-03,7.514140707241336037e-02
-6.530500399999999983e-01,1.715619620000000012e+00,2.065422109999999645e+00,4.932008757910174603e-03,8.429157541634248185e-02
-6.521936200000000294e-01,1.715570960000000200e+00,2.065640080000000101e+00,4.763235893213778327e-03,7.200434351493527341e-02
-6.513837600000000894e-01,1.715716290000000033e+00,2.065587949999999839e+00,4.896144817119069299e-03,6.951839639320168962e-02
-6.505250499999999381e-01,1.715671860000000049e+00,2.065658329999999765e+00,4.843608170672317539e-03,8.395560206909016832e-02
-6.497446099999999447e-01,1.715652890000000097e+00,2.065841100000000097e+00,4.744207026490200943e-03,7.043387938454184760e-02
-6.489525000000000432e-01,1.715529650000000128e+00,2.065935420000000189e+00,4.628951295801047791e-03,7.351509920286032618e-02
-6.481504099999999546e-01,1.715275059999999963e+00,2.065954629999999792e+00,4.601134427138952460e-03,8.535167096228547801e-02
-6.472852799999999629e-01,1.715269170000000010e+00,2.066188459999999782e+00,4.444515327108615813e-03,9.920622530112412074e-02
-6.461648999999999310e-01,1.715238360000000073e+00,2.066379090000000307e+00,4.303265463307960267e-03,8.632788430445412220e-02
-6.451882600000000689e-01,1.715258890000000092e+00,2.066535599999999917e+00,4.214324739706310288e-03,1.043459536332645987e-01
-6.441419800000000029e-01,1.715319679999999902e+00,2.066858560000000011e+00,4.024347218668001408e-03,7.934278599294970757e-02
-6.432400200000000234e-01,1.715412999999999855e+00,2.066914050000000280e+00,4.105546456063869677e-03,9.342596493015214998e-02
-6.421771199999999347e-01,1.715284270000000166e+00,2.066919470000000203e+00,4.114759713786189828e-03,1.119925786778254717e-01
-6.410172100000000039e-01,1.715363299999999924e+00,2.067095979999999944e+00,4.095328783199134529e-03,9.808045200630206850e-02
-6.399904899999999675e-01,1.715332450000000009e+00,2.067169970000000134e+00,4.134522735153277513e-03,7.769852444232054622e-02
-6.390356800000001058e-01,1.715283400000000125e+00,2.067295169999999960e+00,4.157969158050688063e-03,8.219254608110337923e-02
-6.381762500000000005e-01,1.715208990000000044e+00,2.067320660000000032e+00,4.154205507458648243e-03,8.889856822865874197e-02
-6.372749500000000067e-01,1.715047760000000032e+00,2.067502219999999724e+00,4.037598955877343306e-03,7.191623698606994242e-02
-6.364976900000000049e-01,1.714648809999999912e+00,2.067620919999999973e+00,3.868086403714334279e-03,8.652523548369160655e-02
-6.356525400000000436e-01,1.714475329999999964e+00,2.067905569999999749e+00,3.611743514897253465e-03,8.852303517682813538e-02
-6.347288199999999714e-01,1.714532750000000050e+00,2.067991590000000102e+00,3.730462633373989034e-03,8.216320277574533371e-02
-6.337219800000000181e-01,1.714470820000000062e+00,2.068140249999999902e+00,3.784459884752473108e-03,1.062475983732854845e-01
-6.326918100000000766e-01,1.714372640000000114e+00,2.068559829999999877e+00,3.568698153472791689e-03,1.097759964097703711e-01
-6.315585200000000121e-01,1.714334919999999984e+00,2.068766780000000249e+00,3.627739887753661865e-03,8.949034681192245821e-02
-6.305840700000000520e-01,1.714118539999999857e+00,2.068998200000000232e+00,3.553993321391739693e-03,1.172550839147481622e-01
-6.294838100000000880e-01,1.714138329999999932e+00,2.069550320000000276e+00,3.606332044529263810e-03,1.124297250948222415e-01
-6.282298399999999283e-01,1.713994690000000043e+00,2.069809310000000124e+00,3.728325347900850704e-03,1.038499204730800735e-01
-6.270447300000000501e-01,1.713813040000000010e+00,2.070192340000000186e+00,3.770015518018307327e-03,1.078621494012947934e-01
-6.259349900000000799e-01,1.713710660000000052e+00,2.070394009999999785e+00,3.951361625541370895e-03,8.239880921251376000e-02
-6.251139099999999393e-01,1.713557569999999863e+00,2.070619709999999891e+00,4.052091620027823207e-03,9.765274394317206841e-02
-6.239914899999999820e-01,1.713118689999999944e+00,2.070746860000000300e+00,4.021674330897436443e-03,1.186211660646904614e-01
-6.227583800000000558e-01,1.712944119999999959e+00,2.070763909999999708e+00,4.290751122227866483e-03,1.119488009757682728e-01
-6.216247499999999482e-01,1.712686050000000071e+00,2.070937100000000086e+00,4.416102856026059807e-03,1.079252592846259295e-01
-6.204363700000000703e-01,1.712428199999999956e+00,2.071163050000000005e+00,4.599279446543726863e-03,1.208968469061016543e-01
-6.192561100000000263e-01,1.712183850000000174e+00,2.071561420000000098e+00,4.839146131602231615e-03,1.072904515584648388e-01
-6.180433200000000626e-01,1.711996440000000064e+00,2.071637559999999656e+00,5.157260107033518649e-03,1.122943787326718124e-01
-6.168624799999999908e-01,1.711521700000000035e+00,2.071739480000000189e+00,5.223313013672499158e-03,1.062015984662448842e-01
-6.157510399999999162e-01,1.711126869999999967e+00,2.072035240000000389e+00,5.394321449644930329e-03,1.439712097384616973e-01
-6.143313799999999825e-01,1.710654920000000079e+00,2.072252170000000060e+00,5.616625839567864105e-03,9.282261198460800555e-02
-6.133370999999999684e-01,1.710349420000000009e+00,2.072475049999999985e+00,5.830544988155101152e-03,1.093930405364766795e-01
-6.122196400000000649e-01,1.709934010000000004e+00,2.072859220000000224e+00,6.060030119570447397e-03,7.420139010133063040e-02
-6.115519600000000056e-01,1.709554680000000104e+00,2.072990869999999930e+00,6.090140978245199219e-03,1.018179391992649896e-01
-6.104778899999999675e-01,1.708887590000000012e+00,2.073013320000000270e+00,6.047122956464677686e-03,1.142665449279604006e-01
-6.094607199999999558e-01,1.708509159999999971e+00,2.073115739999999985e+00,6.238866173079895064e-03,1.107620841525596422e-01
-6.083397499999999569e-01,1.707914489999999841e+00,2.073084269999999840e+00,6.269894995571982307e-03,1.090761112343206357e-01
-6.073913499999999965e-01,1.707054470000000101e+00,2.072796620000000090e+00,5.939720536170102136e-03,1.192372092847003157e-01
-6.065675100000000874e-01,1.706166880000000052e+00,2.072478890000000185e+00,5.540820672301095991e-03,1.071591387124516265e-01
-6.057154300000000546e-01,1.705527309999999908e+00,2.072113739999999815e+00,5.381689417701341661e-03,1.117754336516629671e-01
-6.047387300000000021e-01,1.704623020000000100e+00,2.071723320000000257e+00,5.092509410467521355e-03,1.207167040952593640e-01
-6.038615999999999984e-01,1.703777429999999926e+00,2.071373690000000156e+00,4.850584682386169938e-03,1.195671651285163534e-01
-6.028682300000000049e-01,1.703046110000000057e+00,2.071140119999999918e+00,4.776886016580271163e-03,8.757186118959381371e-02
-6.020351000000000452e-01,1.702506190000000030e+00,2.070993230000000018e+00,4.773664619451142670e-03,9.484644068388854710e-02
-6.011929599999999985e-01,1.701835749999999869e+00,2.070849429999999991e+00,4.713507373814019262e-03,9.856359629338050377e-02
-6.005092899999999734e-01,1.701108669999999989e+00,2.070575559999999982e+00,4.551810232709635300e-03,1.064622410678715547e-01
-5.996321699999999089e-01,1.700225029999999915e+00,2.070249220000000001e+00,4.394514089430001137e-03,1.141722426564083376e-01
-5.986840400000000839e-01,1.699606770000000155e+00,2.069854319999999692e+00,4.480679081891475804e-03,1.011769950370139809e-01
-5.979741499999999821e-01,1.698871959999999959e+00,2.069563259999999794e+00,4.351868007155076934e-03,8.911270644853069856e-02
-5.972323199999999277e-01,1.698200179999999948e+00,2.069359910000000191e+00,4.324945394903815556e-03,1.002035090346249935e-01
-5.963060199999999922e-01,1.697523920000000075e+00,2.069391469999999789e+00,4.395094096341957413e-03,1.512640657982443348e-01
-5.949457299999999504e-01,1.696723980000000020e+00,2.069211699999999876e+00,4.658992483284485168e-03,1.012911418542629394e-01
-5.940814899999999898e-01,1.695977419999999958e+00,2.069003909999999724e+00,4.707902830836709247e-03,1.173753020991073343e-01
-5.932928299999999933e-01,1.695060339999999943e+00,2.068767499999999870e+00,4.593735825501946146e-03,9.105804778335428729e-02
-5.927049200000000795e-01,1.694235729999999940e+00,2.068515869999999701e+00,4.391878016999090605e-03,9.140424570283543770e-02
-5.920047700000000690e-01,1.693419019999999886e+00,2.068297090000000171e+00,4.302937059892731134e-03,1.140497281602363272e-01
-5.912256399999999967e-01,1.692526250000000010e+00,2.068123949999999933e+00,4.225722724055638695e-03,1.199748596923504163e-01
-5.904815300000000322e-01,1.691545740000000020e+00,2.067850340000000120e+00,4.114109112323060917e-03,1.110419387859246654e-01
-5.897898200000000202e-01,1.690391399999999988e+00,2.067553730000000201e+00,3.877370320371796575e-03,1.050787089726919338e-01
-5.890945199999999549e-01,1.689541149999999936e+00,2.067449029999999688e+00,3.823202071274832761e-03,1.015093520215961942e-01
-5.885016900000000772e-01,1.688660129999999926e+00,2.067357439999999880e+00,3.622983018811862851e-03,1.013425890856404915e-01
-5.878051399999999482e-01,1.687748580000000054e+00,2.067176600000000253e+00,3.527740398895573819e-03,1.081676329459053398e-01
-5.871033099999999338e-01,1.686746260000000053e+00,2.066984839999999934e+00,3.405189558497518070e-03,1.000904115595942223e-01
-5.866129999999999400e-01,1.685840879999999986e+00,2.066774179999999905e+00,3.247041355880702935e-03,9.075771630325929484e-02
-5.860248899999999095e-01,1.684930709999999943e+00,2.066555829999999983e+00,3.185596054916669476e-03,1.323052314992917977e-01
-5.856649699999999514e-01,1.683663670000000057e+00,2.066114290000000242e+00,2.917250559328013297e-03,1.234400559802588393e-01
-5.853057799999999977e-01,1.682456890000000094e+00,2.065806729999999813e+00,2.660377569331289372e-03,1.102623496598332392e-01
-5.849092300000000577e-01,1.681182310000000069e+00,2.065505790000000008e+00,2.442902877541209671e-03,1.253292553034823786e-01
-5.844742099999999940e-01,1.679943819999999866e+00,2.065412820000000149e+00,2.132747674925150865e-03,1.306921228327126427e-01
-5.840197999999999778e-01,1.678665719999999917e+00,2.065205240000000053e+00,1.976525521211512128e-03,1.133480864562825957e-01
-5.835862200000000444e-01,1.677463779999999849e+00,2.064971449999999820e+00,1.909666397908450081e-03,1.173507124529448303e-01
-5.831108299999999689e-01,1.676227319999999965e+00,2.064746350000000064e+00,1.883847465640597820e-03,1.284174870162261839e-01
-5.826783399999999613e-01,1.674969449999999860e+00,2.064517610000000225e+00,1.913958454146770646e-03,1.267464825229538961e-01
-5.818847499999999506e-01,1.673700710000000091e+00,2.064245899999999967e+00,1.928755815700820136e-03,1.485668955169451577e-01
-5.814498799999999745e-01,1.672325109999999837e+00,2.063652550000000030e+00,2.281342508918599542e-03,1.485979061296436310e-01
-5.809600600000000004e-01,1.670901950000000191e+00,2.063241259999999855e+00,2.440456618278605532e-03,1.190626543441384022e-01
-5.806152500000000272e-01,1.669508570000000081e+00,2.062890869999999932e+00,2.664892238778337683e-03,1.652274447891946829e-01
-5.803549599999999753e-01,1.667865240000000027e+00,2.062399389999999944e+00,3.115765337328980228e-03,1.383459116753753271e-01
-5.800874499999999490e-01,1.666497179999999911e+00,2.061985850000000120e+00,3.464916994301646836e-03,1.095116212920149157e-01
-5.796277899999999761e-01,1.665268430000000022e+00,2.061631100000000050e+00,3.588727943854033448e-03,1.444437621075770062e-01
-5.789804199999999401e-01,1.663958360000000081e+00,2.061225040000000064e+00,3.617743098065252186e-03,1.339286271424156016e-01
-5.785858900000000471e-01,1.662727460000000157e+00,2.060671169999999996e+00,3.836466201675822491e-03,1.339778522048903908e-01
-5.779908400000000057e-01,1.661276790000000059e+00,2.060118000000000116e+00,3.892902029039332305e-03,1.439944638139828148e-01
-5.774569000000000507e-01,1.659942709999999932e+00,2.059647779999999706e+00,3.934667014183168728e-03,1.410522557226060458e-01
-5.771034399999999120e-01,1.658593050000000124e+00,2.059150800000000281e+00,4.121288430102673823e-03,1.265533922650829424e-01
-5.766097900000000109e-01,1.657194759999999878e+00,2.058629649999999867e+00,4.208351116078574636e-03,1.397128731807583402e-01
-5.760933200000000198e-01,1.655889729999999949e+00,2.058202800000000110e+00,4.124418174155044907e-03,1.399406557767697290e-01
-5.755522200000000588e-01,1.654639279999999824e+00,2.057652660000000022e+00,4.072696119574893171e-03,1.276608842858805437e-01
-5.749072900000000708e-01,1.653333539999999990e+00,2.057028969999999735e+00,3.974906839235516423e-03,1.396391784635076516e-01
-5.742281899999999162e-01,1.652012889999999956e+00,2.056436370000000124e+00,3.838589154506887643e-03,1.410238777792723885e-01
-5.735538199999999920e-01,1.650988660000000108e+00,2.055879670000000381e+00,3.672970011979254188e-03,1.059624334243132460e-01
-5.729565199999999692e-01,1.649961530000000121e+00,2.055397839999999920e+00,3.507875847703279242e-03,1.200600531895784917e-01
-5.722723499999999852e-01,1.648935779999999962e+00,2.055135280000000009e+00,3.119167018500240782e-03,1.227222293786883189e-01
-5.716178499999999829e-01,1.647897369999999917e+00,2.054743129999999862e+00,2.860479585017137137e-03,1.126532767721773187e-01
-5.708363900000000823e-01,1.646972909999999901e+00,2.054297629999999764e+00,2.653800713147426524e-03,1.256587764962960041e-01
-5.701940800000000475e-01,1.645970740000000099e+00,2.053725550000000233e+00,2.666216206630534196e-03,1.197214232358192049e-01
-5.694383399999999318e-01,1.644964410000000044e+00,2.053182169999999918e+00,2.711352456358234828e-03,1.246975351933387599e-01
-5.686826499999999562e-01,1.643916390000000005e+00,2.052571670000000292e+00,2.902268699396987756e-03,1.472339022319401614e-01
-5.679823099999999902e-01,1.642678880000000063e+00,2.051964979999999716e+00,3.082164641108916473e-03,1.213156652983236744e-01
-5.674659499999999968e-01,1.641538080000000122e+00,2.051360919999999588e+00,3.282669790780489479e-03,1.171774271484465196e-01
-5.668965299999999541e-01,1.640394429999999959e+00,2.050779170000000207e+00,3.516453703192783629e-03,1.460002079767582228e-01
-5.663560000000000816e-01,1.639203959999999904e+00,2.049978729999999860e+00,3.913792748025730038e-03,1.089954105711857385e-01
-5.659170199999999928e-01,1.638198349999999914e+00,2.049381860000000000e+00,4.179971529867225824e-03,1.217425701789526110e-01
-5.653563700000000525e-01,1.637063209999999991e+00,2.048798579999999703e+00,4.490084677754069102e-03,1.206036932098636799e-01
-5.649032400000000287e-01,1.636057279999999947e+00,2.048174519999999887e+00,4.824048677863774712e-03,1.413236149463270863e-01
-5.640657100000000534e-01,1.635027840000000010e+00,2.047510629999999665e+00,5.476211931125541180e-03,1.076489616161104973e-01
-5.635567300000000612e-01,1.634089389999999975e+00,2.046894599999999897e+00,5.916415331009153636e-03,1.098221878205453000e-01
-5.630634100000000419e-01,1.633045909999999878e+00,2.046392850000000152e+00,6.272649370616690048e-03,1.175535908588532519e-01
-5.628505499999999495e-01,1.631998049999999978e+00,2.045776239999999913e+00,6.474580587389495295e-03,1.057319590530462622e-01
-5.625289400000000883e-01,1.630984159999999905e+00,2.045222869999999915e+00,6.725409580545948889e-03,1.134891934828947679e-01
-5.622725600000000323e-01,1.629945909999999998e+00,2.044484719999999811e+00,7.022986454215912437e-03,9.804792925316106744e-02
-5.622116799999999914e-01,1.629143050000000148e+00,2.043843170000000153e+00,7.174362178744510612e-03,8.277532818542628068e-02
-5.618950899999999304e-01,1.628330860000000158e+00,2.043299690000000002e+00,7.513596703297323147e-03,1.000635597972633073e-01
-5.616109799999999819e-01,1.627479290000000134e+00,2.042751860000000086e+00,7.827996350669736564e-03,9.874984798978125866e-02
-5.612717000000000400e-01,1.626672070000000137e+00,2.042196530000000010e+00,8.177621438156756906e-03,7.942220755422180201e-02
-5.607905100000000198e-01,1.626033660000000047e+00,2.041763099999999831e+00,8.667916974781331510e-03,7.730220597625166168e-02
-5.606198199999999909e-01,1.625223200000000201e+00,2.041448769999999691e+00,8.794296640852216837e-03,8.233299899130232247e-02
-5.604688700000000079e-01,1.624490160000000127e+00,2.041016079999999899e+00,8.975881718967886752e-03,9.415775203928966608e-02
-5.602966700000000522e-01,1.623507730000000038e+00,2.040461580000000108e+00,9.207371121563306948e-03,9.763067040683183484e-02
-5.602163999999999477e-01,1.622688329999999901e+00,2.039850829999999782e+00,9.405604159638101050e-03,8.062616908885267275e-02
-5.600992999999999666e-01,1.621981830000000180e+00,2.039399350000000055e+00,9.578006574512284987e-03,8.118825046721746264e-02
-5.599498199999999315e-01,1.621147380000000027e+00,2.038854810000000128e+00,9.830367511487069290e-03,7.293590901944994875e-02
-5.597944599999999937e-01,1.620483259999999870e+00,2.038506529999999817e+00,1.001605844402384850e-02,7.100054406664287054e-02
-5.598601400000000616e-01,1.619915259999999968e+00,2.038027050000000173e+00,1.008612059791563244e-02,3.801257851770862423e-02
-5.599234100000000103e-01,1.619520230000000005e+00,2.037777090000000069e+00,1.007296769344069066e-02,8.242469218682242638e-02
-5.599760099999999685e-01,1.618945249999999891e+00,2.037132379999999632e+00,1.023542596255786787e-02,6.119000967765052951e-02
-5.598411699999999991e-01,1.618399689999999946e+00,2.036820960000000014e+00,1.040731837134812460e-02,6.031516157818906515e-02
-5.599405800000000211e-01,1.617819219999999891e+00,2.036459099999999633e+00,1.042189498674793782e-02,8.957197288510340694e-02
-5.600961700000000043e-01,1.617040019999999911e+00,2.035955919999999697e+00,1.038908442913532432e-02,7.155615413420218784e-02
-5.604487400000000008e-01,1.616414239999999891e+00,2.035561750000000281e+00,1.017349250059667101e-02,6.784134895849153191e-02
-5.607362799999999758e-01,1.615787250000000119e+00,2.035203040000000296e+00,1.000419587605607882e-02,7.227410322709745816e-02
-5.609142200000000189e-01,1.615113500000000091e+00,2.034902549999999977e+00,9.901081386439620699e-03,6.972816952499841237e-02
-5.611023599999999112e-01,1.614444140000000028e+00,2.034510150000000017e+00,9.847313535767131948e-03,7.528946690947496689e-02
-5.611722500000000391e-01,1.613730650000000155e+00,2.034030050000000145e+00,9.913280029712685446e-03,7.551836618228448261e-02
-5.612533899999999631e-01,1.613079560000000079e+00,2.033584789999999920e+00,9.996007145145592923e-03,7.636568748777604332e-02
-5.613489699999999472e-01,1.612426550000000125e+00,2.033010049999999680e+00,1.008867245944204162e-02,6.803671650043524588e-02
-5.614936700000000558e-01,1.611821120000000107e+00,2.032549609999999785e+00,1.011725656882345170e-02,1.099676074589555630e-01
-5.617452800000000135e-01,1.611058920000000061e+00,2.031719559999999980e+00,1.021051017796856947e-02,7.040503386469271208e-02
-5.616581299999999777e-01,1.610437059999999976e+00,2.031212920000000199e+00,1.044909098165473088e-02,5.428272999919502018e-02
-5.618414600000000148e-01,1.609995679999999929e+00,2.030815579999999620e+00,1.045321122681462135e-02,5.875169685201739322e-02
-5.619472200000000806e-01,1.609497219999999951e+00,2.030467859999999902e+00,1.046051727642565744e-02,7.164465712494970384e-02
-5.620957399999999549e-01,1.608750679999999988e+00,2.030160069999999983e+00,1.044668589366507493e-02,8.005078519971957351e-02
-5.622180300000000353e-01,1.608021819999999824e+00,2.029616569999999953e+00,1.052273947839628410e-02,8.247162478285459397e-02
-5.624364799999999054e-01,1.607424230000000120e+00,2.029029170000000271e+00,1.056284271624823544e-02,6.625991958859617226e-02
-5.627360399999999929e-01,1.607058010000000037e+00,2.028436080000000086e+00,1.054434458257591523e-02,5.093916479177602874e-02
-5.631304299999999596e-01,1.606817349999999811e+00,2.028117270000000083e+00,1.033517807724185049e-02,6.852243606632540951e-02
-5.635018700000000713e-01,1.606233589999999989e+00,2.027745890000000273e+00,1.013796237165521044e-02,6.668879187961031241e-02
-5.637591100000000077e-01,1.605741080000000043e+00,2.027319759999999693e+00,1.009405908047419226e-02,7.734872187546572297e-02
-5.640482399999999785e-01,1.605081409999999931e+00,2.026804400000000062e+00,1.004752077338985118e-02,7.478025490989730073e-02
-5.643861399999999806e-01,1.604483659999999867e+00,2.026422010000000107e+00,9.899608568387905164e-03,7.261607630565793114e-02
-5.648782399999999759e-01,1.604015740000000134e+00,2.025942220000000127e+00,9.689132301996861152e-03,7.276188969837110720e-02
-5.654013699999999032e-01,1.603464980000000040e+00,2.025598270000000145e+00,9.357145192749861951e-03,7.656998918927242215e-02
-5.658828999999999665e-01,1.602869700000000064e+00,2.025352990000000020e+00,9.055042642644036202e-03,8.586969855662075768e-02
-5.665156399999999870e-01,1.602217549999999990e+00,2.024977450000000179e+00,8.638682607469722052e-03,8.108037647681692883e-02
-5.670622199999999502e-01,1.601591790000000071e+00,2.024591290000000043e+00,8.334202606884590081e-03,1.194842478749721937e-01
-5.677055999999999214e-01,1.600817539999999983e+00,2.023842570000000229e+00,8.124414676547351069e-03,8.689736728081290384e-02
-5.682100399999999718e-01,1.600121310000000019e+00,2.023341800000000301e+00,7.916314328631497699e-03,7.846586217903969707e-02
-5.686909300000000389e-01,1.599520410000000004e+00,2.022876769999999880e+00,7.701746903002014942e-03,8.577021595855348346e-02
-5.691718100000000558e-01,1.598850050000000023e+00,2.022515620000000069e+00,7.473329388900066574e-03,9.279494892594405964e-02
-5.697304000000000812e-01,1.597982589999999981e+00,2.022257909999999992e+00,7.115228536470043219e-03,8.941406728947245974e-02
-5.704170799999999097e-01,1.597312470000000095e+00,2.021900770000000236e+00,6.690293217654902716e-03,1.013791404969420634e-01
-5.710926899999999584e-01,1.596600759999999841e+00,2.021488289999999743e+00,6.335662865857199025e-03,8.821223309133431612e-02
-5.717918499999999904e-01,1.595964539999999987e+00,2.021130050000000011e+00,5.929697025700373519e-03,7.363055183941959181e-02
-5.722526999999999475e-01,1.595342070000000056e+00,2.020885649999999867e+00,5.674339126929326023e-03,9.463082219258286965e-02
-5.730352600000000463e-01,1.594809699999999886e+00,2.020583210000000296e+00,5.208955386226547628e-03,1.080056336378202447e-01
-5.740587100000000831e-01,1.594150530000000066e+00,2.020359500000000086e+00,4.453250545275744439e-03,8.206724157434656941e-02
-5.748419599999999852e-01,1.593679700000000032e+00,2.020137340000000226e+00,3.927808047142746818e-03,9.254753988262259812e-02
-5.755442899999999584e-01,1.593090039999999874e+00,2.019815889999999836e+00,3.581913350403781015e-03,9.481153493072419502e-02
-5.762593799999999877e-01,1.592305150000000058e+00,2.019589850000000020e+00,3.225299234706815229e-03,8.160639349090724470e-02
-5.768866799999999850e-01,1.591728059999999889e+00,2.019204999999999917e+00,3.015155163171538612e-03,1.130699167723617643e-01
-5.776405900000000093e-01,1.591052920000000093e+00,2.018584249999999969e+00,2.824750887600503083e-03,9.387549924091842524e-02
-5.783639600000000103e-01,1.590356429999999932e+00,2.018198240000000254e+00,2.614926194771105116e-03,8.878697500370701101e-02
-5.791280500000000053e-01,1.589828129999999895e+00,2.017840909999999877e+00,2.346583820684847079e-03,1.096288540977614911e-01
-5.799094700000000380e-01,1.589205580000000007e+00,2.017269200000000318e+00,2.230711624863243852e-03,9.074438534403873879e-02
-5.805418700000000154e-01,1.588477460000000008e+00,2.016880149999999983e+00,2.408041736972084141e-03,9.364703709171019741e-02
-5.814323200000000025e-01,1.587983260000000119e+00,2.016544600000000020e+00,2.267301448859289793e-03,1.149150918570289587e-01
-5.822876700000000350e-01,1.587291549999999996e+00,2.016048800000000085e+00,2.426538703462256547e-03,8.240667352821702540e-02
-5.829450299999999752e-01,1.586674530000000027e+00,2.015566060000000270e+00,2.665914762591153116e-03,1.139369801944269400e-01
-5.837022400000000388e-01,1.585894649999999961e+00,2.015063690000000296e+00,3.043231807503533198e-03,1.117102765691490168e-01
-5.844486900000001040e-01,1.585190590000000066e+00,2.014495410000000319e+00,3.282584299039450169e-03,1.047962034846258716e-01
-5.852185700000001045e-01,1.584337990000000085e+00,2.014148790000000133e+00,3.818943582340731183e-03,8.796106731465996864e-02
-5.858636500000000691e-01,1.583762890000000034e+00,2.013745969999999996e+00,4.146434484650597489e-03,1.020269050534269306e-01
-5.866385399999999306e-01,1.583070909999999998e+00,2.013211679999999948e+00,4.530661815463567395e-03,1.024142744178363068e-01
-5.872653700000000088e-01,1.582281430000000100e+00,2.012837270000000345e+00,4.996434137932923014e-03,8.633501186793320070e-02
-5.879405300000000167e-01,1.581738890000000008e+00,2.012359030000000271e+00,5.271836675951104348e-03,8.055213366692133559e-02
-5.885478500000000945e-01,1.581280330000000012e+00,2.011837920000000057e+00,5.489320895866960266e-03,1.190709830547852927e-01
-5.896467599999999365e-01,1.580816720000000064e+00,2.011459030000000148e+00,5.894093709036278030e-03,6.843105303285228203e-02
-5.903335000000000665e-01,1.580626360000000119e+00,2.011133340000000214e+00,6.065034787633237674e-03,7.455086740197776340e-02
-5.909197600000000161e-01,1.580265150000000007e+00,2.010761079999999978e+00,6.302839607867233296e-03,6.721789297678393282e-02
-5.913358799999999249e-01,1.579848870000000183e+00,2.010264149999999805e+00,6.418274423690242467e-03,6.510113373614931365e-02
-5.919165899999999647e-01,1.579487230000000020e+00,2.009834360000000153e+00,6.640757783762384590e-03,8.580254797683255219e-02
-5.924829100000000848e-01,1.579185700000000026e+00,2.009324679999999752e+00,6.729416381566572826e-03,6.161151654520986148e-02
-5.929997799999999764e-01,1.578933600000000048e+00,2.008916060000000225e+00,6.889043972860063418e-03,5.770649221591205025e-02
-5.935913100000000941e-01,1.578789189999999953e+00,2.008539120000000011e+00,6.978642157511766829e-03,7.874761893379671196e-02
-5.940575299999999448e-01,1.578569370000000083e+00,2.007991500000000151e+00,7.017144227946319271e-03,5.837374586248962605e-02
-5.945079399999999570e-01,1.578349110000000000e+00,2.007548639999999995e+00,7.055078416240282910e-03,6.887760292908602644e-02
-5.951705899999999438e-01,1.578212979999999988e+00,2.007143270000000257e+00,7.238537428334762373e-03,9.712060524429493025e-02
-5.957689800000000035e-01,1.577863400000000027e+00,2.006393849999999812e+00,7.250863226051019669e-03,6.917973767011235953e-02
-5.963127299999999575e-01,1.577437480000000170e+00,2.006006089999999631e+00,7.531688905112572489e-03,7.555978782941329130e-02
-5.969557799999999359e-01,1.577196029999999860e+00,2.005478840000000318e+00,7.688484698359259947e-03,4.821203343358242133e-02
-5.973415999999999171e-01,1.577066969999999957e+00,2.005177590000000176e+00,7.765959406216493832e-03,6.176101789760639338e-02
-5.978141399999999939e-01,1.577058950000000070e+00,2.004651529999999848e+00,7.696888127613563634e-03,6.063341537239026746e-02
-5.984119999999999440e-01,1.576966789999999952e+00,2.004309630000000286e+00,7.870268076819413386e-03,6.286321556524475385e-02
-5.989272999999999403e-01,1.576822759999999990e+00,2.003923100000000179e+00,7.991251020810269737e-03,5.983295408191605796e-02
-5.993914099999999578e-01,1.576642670000000024e+00,2.003451579999999677e+00,8.067630015152899015e-03,6.090095833834317796e-02
-5.997920500000000210e-01,1.576464450000000017e+00,2.002986139999999970e+00,8.090114413566700663e-03,5.253640410321976789e-02
-6.001630399999999810e-01,1.576365780000000161e+00,2.002523019999999931e+00,8.089784958476932408e-03,4.072668053355490286e-02
-6.003631099999999776e-01,1.576311299999999971e+00,2.002148559999999744e+00,7.982220487539742892e-03,4.536530917109238975e-02
-6.006606700000000076e-01,1.576237840000000112e+00,2.001676310000000125e+00,7.908374285692484559e-03,3.998084070632112325e-02
-6.009303400000000073e-01,1.576140690000000122e+00,2.001369599999999860e+00,7.941763946737364840e-03,5.830244607337899121e-02
-6.013294100000000642e-01,1.576066589999999934e+00,2.000911330000000099e+00,7.913974996239369480e-03,4.775367587010658638e-02
-6.016746299999999881e-01,1.576208319999999885e+00,2.000511050000000068e+00,7.824965856142836879e-03,6.050573915242032225e-02
-6.020359299999999969e-01,1.576196649999999977e+00,1.999920049999999838e+00,7.676436501782537419e-03,4.602668894497044527e-02
-6.022922099999999945e-01,1.576091840000000133e+00,1.999523949999999939e+00,7.642559650025584732e-03,5.186986403334752083e-02
-6.026082000000000383e-01,1.576052860000000111e+00,1.999021980000000198e+00,7.559907530519310165e-03,3.670248449554196213e-02
-6.027956800000000559e-01,1.575996649999999999e+00,1.998650100000000096e+00,7.458806841640453628e-03,4.845248325422980840e-02
-6.029257399999999878e-01,1.575835710000000001e+00,1.998184800000000205e+00,7.338069427969638910e-03,4.814843865694919817e-02
-6.032562200000000097e-01,1.575877480000000164e+00,1.997745520000000052e+00,7.263064793680294728e-03,5.018851541217028700e-02
-6.035562800000000561e-01,1.575930830000000116e+00,1.997257730000000064e+00,7.117603197158372218e-03,6.311361910159614397e-02
-6.039818799999999710e-01,1.575916819999999996e+00,1.996749959999999824e+00,7.114448964916190131e-03,5.351712945336276062e-02
-6.042396400000000778e-01,1.575832719999999965e+00,1.996200439999999965e+00,6.955716361353417483e-03,6.743460656987192159e-02
-6.044990599999999770e-01,1.575709649999999851e+00,1.995552470000000245e+00,6.814453608984476392e-03,5.807418533450588866e-02
-6.047614399999999835e-01,1.575365870000000168e+00,1.995047369999999765e+00,6.810856978780043675e-03,5.401192889347718185e-02
-6.049800600000000417e-01,1.575260209999999939e+00,1.994478009999999912e+00,6.677618610687502919e-03,8.209752805335183978e-02
-6.052550700000000061e-01,1.575089430000000013e+00,1.993679079999999937e+00,6.450218255237625924e-03,5.720535042373297435e-02
-6.054312700000000769e-01,1.574966920000000048e+00,1.993059629999999860e+00,6.286379110441920291e-03,5.321495924603188848e-02
-6.055908099999999239e-01,1.575071409999999839e+00,1.992500009999999655e+00,5.991710514060104298e-03,5.254883865066850568e-02
-6.056388799999999906e-01,1.574935079999999932e+00,1.991967519999999991e+00,5.789107116922324187e-03,6.256044850062446316e-02
-6.059328600000000176e-01,1.575024589999999947e+00,1.991319780000000206e+00,5.574835117391508180e-03,5.689726596210938764e-02
-6.059463300000000885e-01,1.575094489999999903e+00,1.990672210000000053e+00,5.155831239780956851e-03,6.691409249969025586e-02
-6.060152899999999843e-01,1.574983249999999835e+00,1.989981910000000020e+00,4.919842531494377814e-03,6.886536241263767344e-02
-6.060563900000000004e-01,1.574817979999999951e+00,1.989211310000000177e+00,4.635251244603687086e-03,6.898613141055122411e-02
-6.061520700000000428e-01,1.574812789999999962e+00,1.988426560000000176e+00,4.329149077890480542e-03,9.727222822405878766e-02
-6.061639999999999251e-01,1.574601390000000212e+00,1.987427390000000127e+00,4.043801675923168644e-03,7.852848508947453399e-02
-6.062037999999999593e-01,1.574324389999999907e+00,1.986572879999999985e+00,4.029910537034373831e-03,7.958575443195109456e-02
-6.064136300000000368e-01,1.574141560000000162e+00,1.985704329999999906e+00,3.956725661376923192e-03,5.947493989306001233e-02
-6.063144000000000311e-01,1.574069950000000162e+00,1.985091949999999938e+00,3.893628855579172720e-03,7.336855811700372654e-02
-6.064589500000000521e-01,1.573999609999999993e+00,1.984266659999999849e+00,3.831132593659428588e-03,6.491775365117877228e-02
-6.065451000000000592e-01,1.574155129999999847e+00,1.983544930000000095e+00,3.636613221364185574e-03,7.554446356023604425e-02
-6.066105099999999917e-01,1.574202579999999907e+00,1.982755840000000047e+00,3.568880475737523129e-03,6.127492111160905836e-02
-6.067793000000000214e-01,1.574299810000000077e+00,1.982081189999999937e+00,3.494965982981695224e-03,5.639296487404155817e-02
-6.067404200000000580e-01,1.574453129999999978e+00,1.981454569999999915e+00,3.474684035736227798e-03,7.525107595074105593e-02
-6.071030299999999880e-01,1.574618840000000075e+00,1.980772390000000049e+00,3.309390611366329685e-03,5.913886414657918561e-02
-6.073870700000000289e-01,1.574686359999999841e+00,1.980160769999999903e+00,3.348693543966100271e-03,6.630780713459759335e-02
-6.078245400000000798e-01,1.574901380000000017e+00,1.979604020000000020e+00,3.115476996287884059e-03,8.185875515187644724e-02
-6.083079800000000814e-01,1.575018650000000076e+00,1.978903089999999754e+00,3.067449268529145838e-03,6.145217337639131971e-02
-6.087641999999999776e-01,1.575011669999999864e+00,1.978366649999999893e+00,3.072407491105524826e-03,6.096223416373203891e-02
-6.091045600000000171e-01,1.575091709999999923e+00,1.977762520000000190e+00,3.076732793744134647e-03,7.712131542852782018e-02
-6.096177099999999793e-01,1.575196500000000110e+00,1.977144919999999972e+00,3.018613962814735343e-03,5.252544158777198990e-02
-6.099554299999999651e-01,1.575258950000000047e+00,1.976650560000000167e+00,2.996363598931228115e-03,6.682532612351199663e-02
-6.103889099999999512e-01,1.575252659999999860e+00,1.976020080000000068e+00,3.081513307143297475e-03,8.887452207425616812e-02
-6.108881699999999526e-01,1.575285879999999805e+00,1.975231329999999952e+00,3.129144991239755577e-03,6.371246281445622217e-02
-6.113472399999999585e-01,1.575239510000000065e+00,1.974666279999999663e+00,3.273763293535473119e-03,7.875511998070565400e-02
-6.119678000000000617e-01,1.575373959999999851e+00,1.974072320000000103e+00,3.106908179203304778e-03,8.136251989980688992e-02
-6.125192900000000495e-01,1.575410350000000070e+00,1.973420879999999933e+00,3.138772780084495440e-03,9.695095042011414588e-02
-6.133801199999999731e-01,1.575532960000000093e+00,1.972729230000000111e+00,3.057412785166524049e-03,7.313439463899733262e-02
-6.139502900000000096e-01,1.575617440000000036e+00,1.972121790000000097e+00,2.995945186714827051e-03,7.891669180729034283e-02
-6.144929300000000483e-01,1.575687559999999987e+00,1.971499499999999960e+00,3.014091046484725350e-03,7.399860629161437997e-02
-6.150334499999999816e-01,1.575836989999999993e+00,1.970863379999999943e+00,3.008494654640346284e-03,6.907471343948043407e-02
-6.154986000000000068e-01,1.575941489999999945e+00,1.970231449999999995e+00,2.979538276746966381e-03,5.468700938904850345e-02
-6.159643399999999991e-01,1.576094949999999884e+00,1.969932690000000042e+00,2.888389451961142010e-03,7.855003514693459366e-02
-6.167737099999999195e-01,1.576142270000000067e+00,1.969391440000000104e+00,2.842795635743115661e-03,7.308020472676338142e-02
-6.172161099999999845e-01,1.576179119999999934e+00,1.968765549999999864e+00,2.989530252899442499e-03,6.922617754249014987e-02
-6.175645400000000507e-01,1.576300999999999952e+00,1.968139379999999772e+00,2.990021259456400633e-03,7.227701250342144501e-02
-6.178550299999999718e-01,1.576587079999999919e+00,1.967418379999999800e+00,2.957215419224744346e-03,7.173785471790601609e-02
-6.182690200000000580e-01,1.576970049999999901e+00,1.966821189999999886e+00,2.766215807741784303e-03,7.418815138481363314e-02
-6.185927100000000456e-01,1.577293720000000121e+00,1.966190899999999964e+00,2.662729807640994411e-03,4.765604820791015384e-02
-6.186400599999999361e-01,1.577396259999999995e+00,1.965656570000000158e+00,2.820894489714235315e-03,7.100961215682793926e-02
-6.189659200000000583e-01,1.577797219999999889e+00,1.965027869999999899e+00,2.733367505422758335e-03,7.307117804110972725e-02
-6.192642299999999711e-01,1.578081789999999929e+00,1.964380800000000038e+00,2.764401285812308380e-03,7.674189651193431827e-02
-6.197881599999999214e-01,1.578378550000000047e+00,1.963740830000000104e+00,2.667042040350969638e-03,7.620771129562210755e-02
-6.202318299999999285e-01,1.578718309999999958e+00,1.963112909999999989e+00,2.676229800503052755e-03,9.513432248295229654e-02
-6.206643999999998940e-01,1.579042820000000180e+00,1.962273029999999752e+00,2.720539272515817321e-03,8.083513024490668331e-02
-6.211331400000000835e-01,1.579374150000000032e+00,1.961545940000000154e+00,2.714438388635651879e-03,8.114157652019335365e-02
-6.214455800000000529e-01,1.579882090000000128e+00,1.960832459999999999e+00,2.796070800623526136e-03,9.373130549086999830e-02
-6.218280900000000555e-01,1.580296270000000058e+00,1.960025770000000112e+00,2.887083005716915146e-03,7.784604786984376801e-02
-6.222522500000000623e-01,1.580658780000000041e+00,1.959330680000000102e+00,2.910770326442649412e-03,8.341445326916831216e-02
-6.226259000000000654e-01,1.581200500000000009e+00,1.958637340000000115e+00,2.996787994770192757e-03,7.760605150331253976e-02
-6.229378199999999755e-01,1.581768360000000095e+00,1.958143129999999843e+00,2.960985890020444676e-03,7.957956428978354979e-02
-6.233965700000000387e-01,1.582276960000000177e+00,1.957431640000000028e+00,3.010111462404626518e-03,8.396777685583195483e-02
-6.237795099999999815e-01,1.582787229999999878e+00,1.956823109999999977e+00,3.132578868775661666e-03,8.309229028816791929e-02
-6.242568499999999743e-01,1.583292950000000143e+00,1.956294860000000302e+00,3.047563463588350962e-03,7.969585456805661217e-02
-6.248539100000000124e-01,1.583649920000000044e+00,1.955704289999999901e+00,2.933408855683130017e-03,8.291764406966328771e-02
-6.253402200000000022e-01,1.584103420000000151e+00,1.955025479999999760e+00,3.019055363056557997e-03,9.618233751515677110e-02
-6.257928200000000274e-01,1.584576280000000059e+00,1.954256400000000227e+00,3.131322209674178812e-03,7.541177310930649580e-02
-6.261920899999999790e-01,1.585053290000000059e+00,1.953557210000000044e+00,3.226129602526806115e-03,8.684231157312488625e-02
-6.266169999999999796e-01,1.585544719999999908e+00,1.952917360000000047e+00,3.322077756164045978e-03,9.826615330450216845e-02
-6.271091899999999830e-01,1.586039179999999993e+00,1.952157189999999876e+00,3.443807024878111842e-03,9.314322991939179286e-02
-6.276297499999999863e-01,1.586485979999999962e+00,1.951460140000000010e+00,3.424639490880650953e-03,9.068716491354639198e-02
-6.282965400000000145e-01,1.586957109999999949e+00,1.950732409999999861e+00,3.312683410439402378e-03,1.064304112294379712e-01
-6.288599699999999348e-01,1.587438719999999970e+00,1.949896079999999809e+00,3.347693398401475982e-03,9.236082348196628100e-02
-6.293862099999999460e-01,1.588019789999999931e+00,1.949184919999999988e+00,3.391844157770244547e-03,1.033668689624072656e-01
-6.300167500000000143e-01,1.588659199999999938e+00,1.948575360000000201e+00,3.337121914479520505e-03,7.642531633235283284e-02
-6.305303199999999775e-01,1.589259790000000061e+00,1.948199489999999701e+00,3.238132001417043035e-03,8.845969795535443825e-02
-6.311848899999999984e-01,1.589591479999999946e+00,1.947630070000000213e+00,2.994165092876363305e-03,7.428850616832730069e-02
-6.316361099999999729e-01,1.590071250000000047e+00,1.946984950000000048e+00,3.049718456694073491e-03,1.077682297860590027e-01
-6.322306400000000659e-01,1.590433690000000011e+00,1.946091610000000083e+00,3.020664614583908232e-03,8.877075993533940779e-02
-6.328019799999999861e-01,1.590814049999999868e+00,1.945460980000000228e+00,2.829435335062317237e-03,8.283006455941790969e-02
-6.333921999999999608e-01,1.591322109999999901e+00,1.944817029999999836e+00,2.703523200011466801e-03,1.002396639382586718e-01
-6.339563400000000071e-01,1.591894499999999990e+00,1.944135840000000170e+00,2.654651467368169832e-03,1.049174927623294368e-01
-6.346742800000000351e-01,1.592402899999999955e+00,1.943472749999999749e+00,2.458851207556128713e-03,8.516908648437679363e-02
-6.351901100000000300e-01,1.592778919999999987e+00,1.942735520000000049e+00,2.382104067604909423e-03,8.119022328221214835e-02
-6.357672300000000165e-01,1.593139340000000015e+00,1.942100899999999797e+00,2.169497535029707869e-03,1.063818224375021604e-01
-6.363877500000000298e-01,1.593629689999999988e+00,1.941312089999999824e+00,2.063818486858816099e-03,8.929396608777138977e-02
-6.370290199999999459e-01,1.594081530000000191e+00,1.940654999999999797e+00,1.925059839927191182e-03,7.531329013375816228e-02
-6.375015099999999935e-01,1.594464389999999954e+00,1.940043589999999707e+00,1.842421403561341148e-03,7.254645861131300832e-02
-6.380889000000000699e-01,1.594714160000000103e+00,1.939510880000000048e+00,1.622880168096091456e-03,8.682050405637103951e-02
-6.386480900000000016e-01,1.595103849999999879e+00,1.938829589999999881e+00,1.660643703718649600e-03,9.340138333111835944e-02
-6.391518000000000477e-01,1.595336300000000040e+00,1.938020859999999734e+00,1.763761931100947403e-03,9.796429119476721126e-02
-6.397996100000000741e-01,1.595717510000000061e+00,1.937186919999999812e+00,1.855348040287954983e-03,8.162735478164884206e-02
-6.402022600000000230e-01,1.595977930000000100e+00,1.936383729999999970e+00,2.207553273060356997e-03,8.740722504215003852e-02
-6.406514300000000217e-01,1.596356769999999869e+00,1.935678719999999853e+00,2.389371289733076015e-03,8.707145917676732683e-02
-6.411056699999999609e-01,1.596756229999999999e+00,1.934993190000000141e+00,2.509557862632279344e-03,7.172580056886972144e-02
-6.412683399999999923e-01,1.597184149999999914e+00,1.934310500000000266e+00,2.784322392629717466e-03,7.907125520902030802e-02
-6.415535399999999777e-01,1.597621820000000081e+00,1.933571050000000069e+00,2.976854387520333663e-03,7.637398190497145245e-02
-6.418677299999999697e-01,1.597937080000000121e+00,1.932903979999999855e+00,3.221132720596926995e-03,8.569065154601059053e-02
-6.422475600000000506e-01,1.598540330000000065e+00,1.932237339999999914e+00,3.340045311384270185e-03,7.643171495922919390e-02
-6.424332999999999849e-01,1.599262549999999949e+00,1.931777839999999857e+00,3.165260308110684137e-03,1.032811757504500244e-01
-6.426557099999999911e-01,1.600126529999999825e+00,1.931161310000000020e+00,3.092511805814197098e-03,7.977982496949138913e-02
-6.429605899999999430e-01,1.600877329999999876e+00,1.930592479999999833e+00,3.067901461162246025e-03,9.289553117601404009e-02
-6.432641299999999340e-01,1.601596790000000103e+00,1.930007969999999906e+00,3.055986396877515346e-03,8.276297480812748464e-02
-6.433167400000000535e-01,1.602182860000000098e+00,1.929368490000000103e+00,3.197642602496251346e-03,7.868613299797043437e-02
-6.434828599999999899e-01,1.602773969999999881e+00,1.928708089999999986e+00,3.392745379570945383e-03,8.592449767488634371e-02
-6.436031100000000338e-01,1.603408720000000010e+00,1.928078320000000012e+00,3.531356029190388639e-03,8.475443924166131682e-02
-6.439767200000000580e-01,1.604106339999999964e+00,1.927516639999999892e+00,3.463726265974436357e-03,8.626867216954758888e-02
-6.442446799999999030e-01,1.604853549999999851e+00,1.926973370000000019e+00,3.447927766905873378e-03,8.060339957188762672e-02
-6.444213500000000039e-01,1.605617330000000065e+00,1.926484829999999704e+00,3.444887234772916161e-03,8.867641213894007779e-02
-6.445607099999999257e-01,1.606338719999999887e+00,1.925912880000000049e+00,3.468972639975738924e-03,7.684040566378957937e-02
-6.446965600000000851e-01,1.607127890000000114e+00,1.925395120000000126e+00,3.482233214203120895e-03,8.875044531074362253e-02
-6.448510400000000420e-01,1.607909830000000095e+00,1.924912310000000293e+00,3.515957253807141213e-03,8.697271894316409291e-02
-6.448558699999999977e-01,1.608700460000000110e+00,1.924455319999999858e+00,3.524107947112489411e-03,7.532646943259230232e-02
-6.449048099999999950e-01,1.609418359999999826e+00,1.923978450000000118e+00,3.605914809892243975e-03,7.527996785081345066e-02
-6.448174899999999932e-01,1.610158699999999943e+00,1.923544209999999977e+00,3.787446866452442648e-03,8.685001071698966735e-02
-6.448002800000000034e-01,1.610985019999999990e+00,1.922991230000000051e+00,3.919887910859115934e-03,9.009862062513826486e-02
-6.449518400000000540e-01,1.611781050000000048e+00,1.922503019999999729e+00,3.933630242727591958e-03,1.039951497527163565e-01
-6.447943400000000214e-01,1.612785469999999943e+00,1.922101819999999961e+00,4.128900220991034951e-03,9.036729031663233436e-02
-6.445675100000000102e-01,1.613736560000000209e+00,1.921763319999999942e+00,4.362981453100597123e-03,9.789783763904913449e-02
-6.444558900000000312e-01,1.614816910000000050e+00,1.921482150000000111e+00,4.490239377883954199e-03,1.001666056572011326e-01
-6.444259900000000041e-01,1.615807359999999804e+00,1.921129599999999993e+00,4.626173055312622455e-03,9.662477481417450220e-02
-6.444583500000000686e-01,1.616804240000000004e+00,1.920648629999999857e+00,4.766175363643294395e-03,7.815765567702702421e-02
-6.444438200000000005e-01,1.617575879999999966e+00,1.920195630000000042e+00,4.939348756435442585e-03,8.032104577040831417e-02
-6.443850399999999645e-01,1.618229359999999950e+00,1.919665739999999898e+00,5.130555712474082521e-03,7.154944773266812275e-02
-6.443565600000000781e-01,1.618934859999999976e+00,1.919126139999999925e+00,5.330096206336241808e-03,7.039950993275574664e-02
-6.442799799999999744e-01,1.619385109999999850e+00,1.918491210000000002e+00,5.594203339582946681e-03,8.442894229231504011e-02
-6.443324699999999350e-01,1.620168059999999910e+00,1.918078750000000054e+00,5.640643711403926092e-03,1.055486142197955557e-01
-6.441464000000000079e-01,1.621148609999999879e+00,1.917596939999999917e+00,5.940788146003903210e-03,8.265768917340471367e-02
-6.441412499999999985e-01,1.621997599999999817e+00,1.917176800000000014e+00,6.067276074359954745e-03,8.456880333228548874e-02
-6.440206499999999723e-01,1.622876219999999980e+00,1.917132330000000051e+00,6.160280886436980859e-03,6.570416987539220988e-02
-6.442016799999999987e-01,1.623555349999999953e+00,1.916862199999999961e+00,6.050878177661446304e-03,8.179469544414375015e-02
-6.443386199999999731e-01,1.624435909999999872e+00,1.916574140000000037e+00,5.998110543837906206e-03,1.148066074801177838e-01
-6.444278600000000745e-01,1.625489260000000158e+00,1.915994790000000059e+00,6.011271663741247183e-03,7.766577987470296707e-02
-6.445020099999999585e-01,1.626287940000000098e+00,1.915609050000000035e+00,5.979067891084796464e-03,7.524328520468491488e-02
-6.444959000000000104e-01,1.627033839999999953e+00,1.915208880000000002e+00,6.046064286790211670e-03,8.635679272776553006e-02
-6.444158399999999620e-01,1.627930679999999963e+00,1.915094749999999957e+00,6.169197239228175859e-03,9.640945129851594131e-02
-6.445267500000000371e-01,1.629060509999999962e+00,1.914717079999999960e+00,6.099799046607955709e-03,9.927377949964863446e-02
-6.445687800000000633e-01,1.630054829999999955e+00,1.914407069999999988e+00,6.075678564753049168e-03,9.777265982172987646e-02
-6.446212200000001058e-01,1.630985919999999867e+00,1.913977819999999941e+00,6.042406287994720251e-03,8.998887502461866417e-02
-6.443850499999999037e-01,1.631939179999999823e+00,1.913663050000000032e+00,6.296289488055755584e-03,7.809585560221511680e-02
-6.443436099999999556e-01,1.632731439999999923e+00,1.913250509999999904e+00,6.361394823920347996e-03,8.956450630197734797e-02
-6.441805999999999921e-01,1.633604070000000075e+00,1.912940110000000082e+00,6.513546860735713005e-03,7.986678943019988319e-02
-6.440448800000000418e-01,1.634446929999999965e+00,1.912610130000000019e+00,6.624007249256200214e-03,8.635717440291383606e-02
-6.440519899999999076e-01,1.635437870000000071e+00,1.912230110000000094e+00,6.592644087549466743e-03,1.035600555665532607e-01
-6.440832899999999750e-01,1.636413230000000052e+00,1.912069419999999909e+00,6.555451520482817769e-03,1.098650527954468659e-01
-6.442264500000000060e-01,1.637599199999999922e+00,1.911675189999999969e+00,6.365410820881912089e-03,8.482689961521669431e-02
-6.443505099999999874e-01,1.638489539999999911e+00,1.911305179999999826e+00,6.203239914117496256e-03,9.435619747913309707e-02
-6.446225700000000058e-01,1.639359849999999952e+00,1.910917739999999920e+00,5.841976482236109144e-03,8.927660003356530094e-02
-6.446689399999999681e-01,1.640332109999999899e+00,1.910602609999999979e+00,5.718353877454608776e-03,9.263826107779643548e-02
-6.448919399999999413e-01,1.641319809999999935e+00,1.910286680000000015e+00,5.421426307725667020e-03,1.079528830225830738e-01
-6.451321500000000153e-01,1.642379540000000082e+00,1.909960250000000137e+00,5.102763141338242936e-03,9.321785789570388725e-02
-6.450939999999999452e-01,1.643406269999999836e+00,1.909671140000000156e+00,5.063622659964008184e-03,1.001192579543807165e-01
-6.451863899999999985e-01,1.644487269999999945e+00,1.909368570000000043e+00,4.865051605265856977e-03,1.075516209382219729e-01
-6.453117400000000226e-01,1.645503669999999863e+00,1.908892629999999979e+00,4.557203863927903296e-03,9.296538465659273665e-02
-6.449269899999999778e-01,1.646407559999999881e+00,1.908480280000000029e+00,4.744827037111134550e-03,8.582913895792748660e-02
-6.450978499999999727e-01,1.647291990000000039e+00,1.908085240000000127e+00,4.413162954186105984e-03,8.089347295278474792e-02
-6.451518499999999712e-01,1.648165040000000081e+00,1.907780669999999956e+00,4.242955386637938323e-03,1.017245868379022533e-01
-6.451067299999999616e-01,1.649128009999999867e+00,1.907320770000000110e+00,4.067531653706026908e-03,9.435147985823749694e-02
-6.451218300000000072e-01,1.650152690000000089e+00,1.906975900000000168e+00,3.832851300924719571e-03,9.855028519500129425e-02
-6.450751700000000310e-01,1.651168009999999908e+00,1.906781699999999802e+00,3.712398730605261186e-03,9.439539436854818555e-02
-6.447250900000000007e-01,1.652138449999999814e+00,1.906456259999999903e+00,3.825322171294845419e-03,1.066218999284124641e-01
-6.447456599999999982e-01,1.653328609999999976e+00,1.906215519999999941e+00,3.614739627428233994e-03,1.097233702174745668e-01
-6.447699900000000151e-01,1.654450629999999922e+00,1.905955129999999942e+00,3.410255792444271284e-03,1.000588958557393632e-01
-6.446621200000000051e-01,1.655656280000000091e+00,1.905678280000000058e+00,3.295252751034410694e-03,9.215133514828741101e-02
-6.447278800000000309e-01,1.656588989999999928e+00,1.905429370000000011e+00,3.060726781239986056e-03,1.025659806352655357e-01
-6.447456000000000298e-01,1.657648819999999912e+00,1.905238969999999865e+00,2.884449748790702053e-03,7.801211799582673245e-02
-6.445534400000000330e-01,1.658415299999999926e+00,1.905023209999999967e+00,2.875366480242094649e-03,7.521031404218506133e-02
-6.442713300000000309e-01,1.659111969999999880e+00,1.904601369999999960e+00,2.806844413696584981e-03,8.208583036764229013e-02
-6.440752199999999483e-01,1.659938750000000018e+00,1.904197770000000123e+00,2.590713705101483407e-03,1.193114953529621491e-01
-6.436527899999999747e-01,1.661013430000000124e+00,1.903711919999999891e+00,2.506106616925892015e-03,9.389253151106409512e-02
-6.432106900000000849e-01,1.662008130000000028e+00,1.903393180000000129e+00,2.538242411866918190e-03,1.132010115216549179e-01
-6.427072200000000235e-01,1.663077080000000096e+00,1.903264110000000064e+00,2.727321789393376186e-03,1.024864544173944153e-01
-6.424614899999999684e-01,1.664198899999999925e+00,1.903018010000000038e+00,2.642218793022389073e-03,1.111831200232095002e-01
-6.420989400000000069e-01,1.665410169999999912e+00,1.902869629999999868e+00,2.692889364864365243e-03,1.148551284397315297e-01
-6.416448499999999333e-01,1.666515039999999948e+00,1.902695779999999948e+00,2.787022402583164398e-03,1.112030864197855184e-01
-6.410636100000000059e-01,1.667618489999999953e+00,1.902439180000000007e+00,2.867485575308036366e-03,9.845811781828468778e-02
-6.405931999999999737e-01,1.668606919999999993e+00,1.902165609999999951e+00,2.884520289146830837e-03,1.082868981339970005e-01
-6.400433999999999291e-01,1.669526819999999967e+00,1.901785740000000002e+00,2.842144904821054894e-03,9.071726796247099600e-02
-6.395975100000000912e-01,1.670335789999999987e+00,1.901553220000000044e+00,2.794324392156313439e-03,9.721899933062792820e-02
-6.389097100000000751e-01,1.671243489999999943e+00,1.901274590000000098e+00,2.886012675699920361e-03,1.155109141352264057e-01
-6.382699199999999351e-01,1.672269629999999951e+00,1.901181070000000028e+00,3.056527920075416318e-03,1.200671638479037379e-01
-6.376363699999999524e-01,1.673462889999999925e+00,1.900920100000000001e+00,3.055666666212153004e-03,1.264503463852192089e-01
-6.368340500000000404e-01,1.674665999999999988e+00,1.900848829999999934e+00,3.287564738739026746e-03,1.293119098954838286e-01
-6.362078100000000402e-01,1.675869950000000053e+00,1.900805459999999947e+00,3.413223367756512694e-03,1.205184142186594559e-01
-6.353654999999999164e-01,1.676963200000000098e+00,1.900752020000000098e+00,3.661458819978752680e-03,1.026964811219226448e-01
-6.346696699999999636e-01,1.677900610000000015e+00,1.900603119999999979e+00,3.743771710374455344e-03,1.198154952179927568e-01
-6.339107399999999171e-01,1.678903870000000076e+00,1.900617830000000064e+00,3.971389001017281394e-03,1.051316407535150960e-01
-6.334084300000000223e-01,1.679880880000000021e+00,1.900509700000000191e+00,3.948298802433930325e-03,1.001605408572920908e-01
-6.327177400000000285e-01,1.680869010000000108e+00,1.900407139999999995e+00,4.021446520009802281e-03,1.193625452369538875e-01
-6.319552800000000081e-01,1.681863280000000183e+00,1.900436460000000105e+00,4.227443990214436488e-03,1.258591771072702092e-01
-6.313842100000000013e-01,1.683165299999999975e+00,1.900193620000000028e+00,4.042447394648403594e-03,1.061009631363618588e-01
-6.307131500000000557e-01,1.684179160000000008e+00,1.900179109999999838e+00,4.142415194086436145e-03,1.242406057093720512e-01
-6.300418500000000144e-01,1.685282530000000056e+00,1.900362740000000050e+00,4.406307602857558077e-03,1.271708099342607201e-01
-6.292588099999999462e-01,1.686652309999999932e+00,1.900326729999999964e+00,4.484102729097480533e-03,1.208485886612018501e-01
-6.285177499999999862e-01,1.687681419999999877e+00,1.900370270000000028e+00,4.641659135675530075e-03,1.466453097313979992e-01
-6.275252199999999947e-01,1.688857870000000094e+00,1.900412210000000046e+00,4.864251090496943264e-03,1.275620564180630911e-01
-6.264585599999999976e-01,1.689856929999999924e+00,1.900445959999999879e+00,5.091564879494233330e-03,1.504413098032976182e-01
-6.252086199999999927e-01,1.690979489999999918e+00,1.900482189999999960e+00,5.291190509195431782e-03,1.593860606804402835e-01
-6.238696599999999926e-01,1.691971069999999910e+00,1.900639469999999998e+00,5.658661419399559078e-03,1.452444691407400457e-01
-6.225439299999999676e-01,1.692970790000000170e+00,1.900523079999999920e+00,5.771039494181136494e-03,1.223792942019869545e-01
-6.213327699999999787e-01,1.693640840000000036e+00,1.900304930000000114e+00,5.800935185244034641e-03,1.306536981763776195e-01
-6.200934300000000565e-01,1.694228660000000053e+00,1.900282250000000062e+00,6.040339368528910985e-03,1.169099938040030762e-01
-6.188503800000000332e-01,1.694958540000000013e+00,1.900117540000000105e+00,6.100935454141486608e-03,1.184115910012537021e-01
-6.177708100000000035e-01,1.695545110000000077e+00,1.899926980000000043e+00,6.136801776544499598e-03,1.433510262253611944e-01
-6.165626300000000004e-01,1.696431419999999912e+00,1.899769939999999879e+00,6.111804098046508607e-03,1.309132401537153600e-01
-6.153981400000000379e-01,1.697374890000000081e+00,1.899743879999999940e+00,6.148552973513292386e-03,1.363627107595117016e-01
-6.141406400000000154e-01,1.698222059999999978e+00,1.899651369999999950e+00,6.190482013551072346e-03,1.554407980368642528e-01
-6.127666599999999075e-01,1.699098260000000193e+00,1.899742449999999971e+00,6.414237631994806031e-03,1.403223433728169323e-01
-6.113198799999999267e-01,1.699769960000000024e+00,1.899538500000000019e+00,6.439711580653348193e-03,1.238245243221072628e-01
-6.101094599999999923e-01,1.700478699999999899e+00,1.899331689999999906e+00,6.364301106461004234e-03,1.378544999302519503e-01
-6.087900600000000217e-01,1.701065019999999928e+00,1.899228790000000000e+00,6.460612718473337374e-03,1.072078276300764965e-01
-6.075610999999999651e-01,1.701536699999999902e+00,1.899035800000000052e+00,6.509671636880024273e-03,1.205624357851520501e-01
-6.064237900000000181e-01,1.702045449999999960e+00,1.898811709999999930e+00,6.476440651986146470e-03,1.212488693241519089e-01
-6.052938199999999824e-01,1.702591810000000150e+00,1.898591329999999910e+00,6.412089473283984209e-03,1.103127807532573307e-01
-6.041161199999999232e-01,1.703042720000000010e+00,1.898520170000000062e+00,6.517649742023708462e-03,1.239493110256021519e-01
-6.028985900000000120e-01,1.703680219999999856e+00,1.898386539999999956e+00,6.463406906276313209e-03,1.360931487693389785e-01
-6.015994199999999958e-01,1.704274830000000129e+00,1.898362569999999971e+00,6.524593494325896595e-03,1.293629504446433542e-01
-6.002955199999999714e-01,1.704935139999999905e+00,1.898122180000000103e+00,6.388172403778779630e-03,9.513441328762195504e-02
-5.993442699999999013e-01,1.705393189999999892e+00,1.897850280000000112e+00,6.211945931461513790e-03,1.266423719880726273e-01
-5.981087800000000065e-01,1.705860579999999960e+00,1.897697529999999855e+00,6.207347581028490290e-03,1.367504824268124808e-01
-5.966425300000000043e-01,1.706394770000000172e+00,1.897553559999999973e+00,6.198324752334180045e-03,1.160569178310470462e-01
-5.953911400000000409e-01,1.706802379999999841e+00,1.897369960000000022e+00,6.185535567240820973e-03,1.269767256049427473e-01
-5.941525600000000518e-01,1.707295800000000030e+00,1.897375140000000071e+00,6.181275140227875282e-03,1.194235581040447164e-01
-5.928531699999999294e-01,1.707708589999999971e+00,1.897255530000000023e+00,6.178414299955977719e-03,1.077888806633840180e-01
-5.917470099999999622e-01,1.708145919999999984e+00,1.897076210000000041e+00,6.057047584640584507e-03,1.396097644610843069e-01
-5.903306799999999965e-01,1.708515690000000031e+00,1.896997789999999906e+00,6.110544409346684025e-03,1.225793848216957665e-01
-5.891596900000000137e-01,1.709211240000000132e+00,1.896653799999999945e+00,5.686608132946917478e-03,1.283558803682884331e-01
-5.877377000000000296e-01,1.709517260000000149e+00,1.896443509999999888e+00,5.720341084909062734e-03,1.483348195652426371e-01
-5.862779999999999658e-01,1.710064220000000024e+00,1.896467860000000005e+00,5.616279942987080845e-03,1.187503811683928850e-01
-5.850357000000000474e-01,1.710610590000000153e+00,1.896367110000000133e+00,5.365610509550467616e-03,1.301144147584196165e-01
-5.836071899999999424e-01,1.711017650000000057e+00,1.896251909999999929e+00,5.249367589214810198e-03,1.483245271925427988e-01
-5.821117199999999992e-01,1.711449769999999981e+00,1.896300490000000005e+00,5.161309057729478525e-03,1.220251829920067643e-01
-5.808811299999999678e-01,1.712054460000000056e+00,1.896025659999999835e+00,4.742730957169979250e-03,1.367548080908266572e-01
-5.793743899999999059e-01,1.712346880000000127e+00,1.895858150000000020e+00,4.698248418825844153e-03,1.356847608726804155e-01
-5.778780300000000425e-01,1.712760379999999971e+00,1.895917709999999978e+00,4.560751700038045801e-03,1.332780491188266803e-01
-5.765639900000000262e-01,1.713240780000000019e+00,1.895849699999999860e+00,4.253092863140831362e-03,1.423699139542412562e-01
-5.749508199999999736e-01,1.713439309999999827e+00,1.895724850000000128e+00,4.208222886326484606e-03,1.381178516952631385e-01
-5.735415500000000666e-01,1.713781549999999987e+00,1.895729149999999974e+00,4.021317190610646138e-03,1.077353718872959831e-01
-5.723023299999999702e-01,1.714274560000000003e+00,1.895635300000000134e+00,3.632097972315700540e-03,1.401171330176319840e-01
-5.708483999999999225e-01,1.714485700000000001e+00,1.895557680000000023e+00,3.531439972929011160e-03,1.547968261875158347e-01
-5.692630900000000826e-01,1.714764179999999971e+00,1.895783640000000103e+00,3.418532010395667134e-03,1.398665068057955707e-01
-5.677007299999999868e-01,1.715054740000000022e+00,1.895574399999999882e+00,3.118179043688677678e-03,1.392093391374079614e-01
-5.661758099999999461e-01,1.715110820000000036e+00,1.895380110000000062e+00,3.067038203316053025e-03,1.601094374542121612e-01
-5.644947999999999633e-01,1.715091729999999925e+00,1.895369950000000081e+00,3.103777850523488716e-03,1.496751314270646782e-01
-5.628080899999999831e-01,1.714854249999999913e+00,1.895181189999999960e+00,3.364813535205303172e-03,1.360102841372467786e-01
-5.613078299999999521e-01,1.714569959999999949e+00,1.894868199999999892e+00,3.616149693043755557e-03,1.584705150254282213e-01
-5.597511299999999856e-01,1.714149310000000037e+00,1.894457789999999919e+00,4.042175845395574139e-03,1.357502950842934264e-01
-5.582728200000000029e-01,1.713916250000000030e+00,1.894032979999999977e+00,4.328003728660671269e-03,1.582387321755452936e-01
-5.566177699999999007e-01,1.713305700000000042e+00,1.893619759999999985e+00,4.972849432719530019e-03,1.692365275833687122e-01
-5.548813000000000217e-01,1.712936640000000121e+00,1.893541420000000031e+00,5.150749471290543523e-03,1.316255406701084818e-01
-5.532854600000000067e-01,1.712796449999999915e+00,1.893222300000000136e+00,5.264675875122901139e-03,1.564551100354698299e-01
-5.517055299999999995e-01,1.712383589999999955e+00,1.893029329999999844e+00,5.556344261643817242e-03,1.486817824047302616e-01
-5.501960399999999973e-01,1.712016879999999963e+00,1.892873829999999868e+00,5.734280168155462230e-03,1.390922441940276311e-01
-5.486944200000000160e-01,1.711482139999999985e+00,1.892873849999999969e+00,5.934194330024927799e-03,1.399637629454506538e-01
-5.472632520000000333e-01,1.711166330000000180e+00,1.892786169999999935e+00,6.006109940227749751e-03,1.540924066929946212e-01
-5.455034469999999747e-01,1.711089749999999965e+00,1.892911599999999916e+00,5.713008463175078475e-03,1.493153476142534408e-01
-5.436755800000000471e-01,1.710786640000000025e+00,1.892936089999999849e+00,5.543606092256149302e-03,1.647140704518199328e-01
-5.421439660000000327e-01,1.710431040000000014e+00,1.892982159999999858e+00,5.474207633434867090e-03,1.408151221212943227e-01
-5.405710499999999419e-01,1.710087979999999952e+00,1.893070710000000156e+00,5.349087507883904836e-03,1.162919606035998921e-01
-5.392547340000000133e-01,1.709906380000000059e+00,1.892968600000000112e+00,5.232110404946996828e-03,1.551269245320119616e-01
-5.376051739999999635e-01,1.709368730000000003e+00,1.892876450000000155e+00,5.242471251010818317e-03,1.663668905925461960e-01
-5.359095109999999496e-01,1.708954980000000123e+00,1.892947379999999846e+00,5.060658603770897858e-03,1.084272764159855823e-01
-5.346914839999999947e-01,1.708716620000000130e+00,1.892916550000000031e+00,4.915589489975296170e-03,1.567941405357621276e-01
-5.330808590000000180e-01,1.708379980000000131e+00,1.892971239999999833e+00,4.675475458761435207e-03,1.500680334216618617e-01
-5.314194030000000124e-01,1.708136190000000054e+00,1.893342389999999931e+00,4.063003676445448194e-03,1.171897938148702689e-01
-5.300326140000000130e-01,1.707735000000000003e+00,1.893518159999999950e+00,3.768377130622170036e-03,1.526294191627649566e-01
-5.286449229999999888e-01,1.707289049999999975e+00,1.893527839999999962e+00,3.614487345534583146e-03,1.344680874852635100e-01
-5.271800430000000981e-01,1.706817229999999963e+00,1.893482630000000055e+00,3.498171765486778571e-03,8.763593758160158342e-02
-5.262082089999999823e-01,1.706624149999999895e+00,1.893318659999999820e+00,3.447854007173624738e-03,1.343987523209310975e-01
-5.248301670000000696e-01,1.706052090000000021e+00,1.893260799999999966e+00,3.395265076837012622e-03,1.380714195919287846e-01
-5.234840060000000017e-01,1.705513949999999834e+00,1.893266339999999825e+00,3.275661009038808788e-03,1.073376024425063968e-01
-5.223394909999999891e-01,1.705091679999999998e+00,1.893108600000000141e+00,3.289891660933620416e-03,9.226929044486295584e-02
-5.215024710000000230e-01,1.704451579999999966e+00,1.893032330000000041e+00,3.351320849387750319e-03,1.181621444362318529e-01
-5.204648139999999978e-01,1.703785450000000035e+00,1.892894919999999814e+00,3.433692865982310508e-03,1.203843266142900492e-01
-5.192400940000000409e-01,1.703174250000000001e+00,1.892722320000000069e+00,3.481867450109952383e-03,1.262426673470754268e-01
-5.181167320000000798e-01,1.702484559999999814e+00,1.892582809999999949e+00,3.532357389552397142e-03,1.348199957064423193e-01
-5.167115410000000519e-01,1.701893230000000035e+00,1.892833590000000177e+00,3.131742235510358470e-03,1.272445789288236262e-01
-5.154282930000000373e-01,1.701203660000000006e+00,1.892810250000000138e+00,3.041520244145586374e-03,1.236041250032180461e-01
-5.142385319999999149e-01,1.700501360000000073e+00,1.892781069999999843e+00,2.963873805263007866e-03,1.388849273307784515e-01
-5.130017499999999231e-01,1.699735749999999879e+00,1.892677020000000043e+00,2.970531226127656309e-03,1.292337217567458008e-01
-5.117090410000000311e-01,1.699040850000000047e+00,1.892478480000000074e+00,3.032248561411135870e-03,1.466536775904705991e-01
-5.102678689999999850e-01,1.698191720000000071e+00,1.892331380000000118e+00,3.005880726469451272e-03,1.666326988098203177e-01
-5.087129820000000358e-01,1.697391279999999947e+00,1.892384990000000045e+00,2.861752557231894700e-03,1.302185160487102644e-01
-5.074971929999999576e-01,1.696552469999999868e+00,1.892172359999999998e+00,2.987305753709959023e-03,1.833473194869028600e-01
-5.059430580000000566e-01,1.695451370000000013e+00,1.891892300000000082e+00,3.156197994274762691e-03,1.570416179769756615e-01
-5.045059090000000301e-01,1.694408750000000019e+00,1.891598070000000131e+00,3.308841447497875426e-03,1.436100356874693007e-01
-5.032483800000000507e-01,1.693358779999999841e+00,1.891440819999999912e+00,3.354061838606916743e-03,1.603349177859207664e-01
-5.019056510000000637e-01,1.692367600000000083e+00,1.891232330000000017e+00,3.532561298449130895e-03,1.382905527313615657e-01
-5.006888320000000281e-01,1.691377909999999929e+00,1.891005459999999916e+00,3.630961121015266208e-03,1.426381443960395290e-01
-4.994414529999999797e-01,1.690339609999999881e+00,1.890810560000000029e+00,3.717270690077325527e-03,1.549920004751834668e-01
-4.981838170000000288e-01,1.689335189999999987e+00,1.890569779999999867e+00,3.902919315818621174e-03,1.586732123248547899e-01
-4.969253559999999847e-01,1.688267179999999978e+00,1.890343029999999924e+00,4.088820549209322940e-03,1.387750827025907296e-01
-4.955768400000000184e-01,1.687264699999999840e+00,1.889965430000000168e+00,4.496395071665556555e-03,1.709667634777509715e-01
-4.942515900000000184e-01,1.686102699999999954e+00,1.889624790000000054e+00,4.734042569538176974e-03,1.702821503317275553e-01
-4.929184240000000217e-01,1.684949859999999910e+00,1.889324060000000083e+00,5.017716141849229601e-03,1.320849929330972783e-01
-4.916314950000000294e-01,1.683996689999999852e+00,1.888968429999999810e+00,5.459339029500348897e-03,1.555443421061033504e-01
-4.904742909999999512e-01,1.682950260000000142e+00,1.888698030000000028e+00,5.750818636575261676e-03,1.411453950343355690e-01
-4.892691680000000320e-01,1.681874179999999885e+00,1.888737209999999944e+00,5.932050507903915450e-03,1.228319661430608972e-01
-4.884602290000000235e-01,1.680752040000000003e+00,1.888476639999999929e+00,5.984431129074940098e-03,1.820146481839204355e-01
-4.872910540000000013e-01,1.679293509999999934e+00,1.888078860000000025e+00,6.148875612745443621e-03,1.426430148913248874e-01
-4.862858979999999942e-01,1.678041910000000136e+00,1.887769889999999950e+00,6.324389060028264183e-03,1.486981686871098607e-01
-4.852545269999999911e-01,1.676701939999999835e+00,1.887558639999999954e+00,6.467463562272980464e-03,1.231931927998605597e-01
-4.847701410000000433e-01,1.675523129999999972e+00,1.887344620000000139e+00,6.295514357666080231e-03,1.326368987018354817e-01
-4.839481239999999795e-01,1.674261019999999878e+00,1.887140150000000016e+00,6.359557792258449874e-03,1.040560799535495684e-01
-4.835931609999999936e-01,1.673142679999999993e+00,1.886927259999999995e+00,6.141408749311633684e-03,1.398597799250579088e-01
-4.834943280000000287e-01,1.671726370000000017e+00,1.886598470000000027e+00,5.635865047407012662e-03,1.390816299279476198e-01
-4.828381890000000287e-01,1.670441839999999845e+00,1.886370199999999997e+00,5.609673428883403534e-03,1.277462361225725762e-01
-4.821988739999999996e-01,1.669024059999999920e+00,1.886062770000000111e+00,5.562382895304402927e-03,1.578960296018339649e-01
-4.816427960000000397e-01,1.667494110000000029e+00,1.885748620000000209e+00,5.433382820022417646e-03,1.604527547906842433e-01
-4.810818849999999869e-01,1.665954530000000045e+00,1.885356870000000074e+00,5.322705459540701990e-03,1.203174438742454638e-01
-4.805025589999999958e-01,1.664645809999999893e+00,1.884931350000000005e+00,5.361660047492809028e-03,1.539392051285403129e-01
-4.803032150000000056e-01,1.663081919999999991e+00,1.884574790000000055e+00,4.964886584074596799e-03,1.596586920451984748e-01
-4.800585549999999979e-01,1.661465419999999860e+00,1.884204059999999847e+00,4.615473982813136575e-03,1.295918930114244305e-01
-4.797462200000000010e-01,1.659947529999999949e+00,1.883774009999999999e+00,4.415390352098013012e-03,1.886814279103667114e-01
-4.792710740000000191e-01,1.658147630000000206e+00,1.883316369999999962e+00,4.296065839076199100e-03,1.422792105502919402e-01
-4.787293289999999812e-01,1.656630999999999965e+00,1.883070849999999963e+00,4.273644472969310472e-03,1.468896374492461854e-01
-4.785422289999999856e-01,1.654984110000000008e+00,1.882776889999999925e+00,3.945867220908620861e-03,1.520498341915597074e-01
-4.780886209999999914e-01,1.653487439999999919e+00,1.882455789999999851e+00,3.972181919743991013e-03,1.496939011051570678e-01
-4.774376850000000005e-01,1.652089909999999939e+00,1.882149679999999936e+00,4.260316350780155026e-03,1.158932886338603918e-01
-4.767720080000000249e-01,1.650845850000000059e+00,1.881870820000000055e+00,4.630743774099785673e-03,1.373969183765224034e-01
-4.759877929999999924e-01,1.649664020000000120e+00,1.881607049999999948e+00,5.161064262683543249e-03,1.080220048196255250e-01
-4.752712239999999921e-01,1.648797240000000164e+00,1.881451630000000153e+00,5.717001808629805677e-03,9.959806769548688876e-02
-4.746241320000000319e-01,1.647747380000000206e+00,1.881369349999999940e+00,6.244665871759948889e-03,6.437191623648287619e-02
-4.743317910000000026e-01,1.647156019999999943e+00,1.881251570000000095e+00,6.549840359717245923e-03,7.118530162694385044e-02
-4.737907120000000027e-01,1.646653249999999957e+00,1.881136979999999959e+00,7.139128874270578469e-03,5.834268894138781164e-02
-4.731753639999999872e-01,1.646306969999999925e+00,1.880976749999999864e+00,7.799241290990827080e-03,0.000000000000000000e+00
