-7.290940000000000198e-01,1.584832000000000019e+00,2.246411000000000158e+00,6.374520440001804795e-03,1.150299539969376755e-01
-7.287361999999999451e-01,1.583776999999999990e+00,2.245716999999999963e+00,6.213546520305503890e-03,0.000000000000000000e+00
-7.287361999999999451e-01,1.583776999999999990e+00,2.245716999999999963e+00,6.213546520305503890e-03,1.551805996232714646e-01
-7.291345999999999661e-01,1.582819999999999894e+00,2.244477999999999973e+00,5.477591153052644747e-03,4.476071388549624636e-02
-7.293853999999999616e-01,1.582586999999999966e+00,2.244098999999999844e+00,5.197203282535764815e-03,0.000000000000000000e+00
-7.293853999999999616e-01,1.582586999999999966e+00,2.244098999999999844e+00,5.197203282535764815e-03,3.996570457695480111e-02
-7.297194000000000180e-01,1.582543999999999951e+00,2.244343999999999895e+00,4.899835380908214647e-03,5.878352018750088170e-02
-7.301811999999999747e-01,1.582573999999999925e+00,2.244787999999999784e+00,4.535434418002312965e-03,0.000000000000000000e+00
-7.301811999999999747e-01,1.582573999999999925e+00,2.244787999999999784e+00,4.535434418002312965e-03,4.734251536329509708e-02
-7.302876000000000367e-01,1.582594999999999974e+00,2.245293000000000205e+00,4.589025020633529656e-03,6.519154444205274568e-02
-7.308202000000000309e-01,1.582807000000000075e+00,2.245766999999999847e+00,4.297670945989142018e-03,0.000000000000000000e+00
-7.308202000000000309e-01,1.582807000000000075e+00,2.245766999999999847e+00,4.297670945989142018e-03,2.219979333421593509e-02
-7.306723999999999997e-01,1.582794999999999952e+00,2.246011999999999897e+00,4.550246626282982050e-03,3.685919095189827549e-02
-7.303094999999999448e-01,1.582896000000000081e+00,2.246084999999999887e+00,4.894820659636063033e-03,4.883742311639282380e-02
-7.298500999999999461e-01,1.583034000000000052e+00,2.246153000000000066e+00,5.327061750158428553e-03,2.612152979422851726e-02
-7.300662999999999458e-01,1.583212000000000064e+00,2.246051000000000020e+00,5.091361924868505542e-03,0.000000000000000000e+00
-7.300662999999999458e-01,1.583212000000000064e+00,2.246051000000000020e+00,5.091361924868505542e-03,2.283618538394106487e-02
-7.299601999999999480e-01,1.583245000000000013e+00,2.245802999999999994e+00,5.075061729673895593e-03,2.616598854106014574e-02
-7.297339000000000464e-01,1.583269999999999955e+00,2.245652999999999899e+00,5.221371506606216871e-03,0.000000000000000000e+00
-7.297339000000000464e-01,1.583269999999999955e+00,2.245652999999999899e+00,5.221371506606216871e-03,4.355304317841617034e-02
-7.299887999999999932e-01,1.583528000000000047e+00,2.245346000000000064e+00,4.890352339044750328e-03,7.323477706100432749e-02
-7.304427999999999477e-01,1.583782999999999941e+00,2.244740000000000180e+00,4.311660584971972916e-03,0.000000000000000000e+00
-7.304427999999999477e-01,1.583782999999999941e+00,2.244740000000000180e+00,4.311660584971972916e-03,4.276262495773285738e-02
-7.308113999999999999e-01,1.584054999999999991e+00,2.244571999999999790e+00,3.979895998641129647e-03,4.448423020186687005e-02
-7.310896000000000061e-01,1.584392999999999940e+00,2.244420999999999999e+00,3.792374169303426579e-03,0.000000000000000000e+00
-7.310896000000000061e-01,1.584392999999999940e+00,2.244420999999999999e+00,3.792374169303426579e-03,7.712237500705403093e-02
-7.315973999999999533e-01,1.584764000000000062e+00,2.243862000000000023e+00,3.421380475772978214e-03,1.134842678693335355e-02
-7.316494000000000053e-01,1.584824000000000011e+00,2.243767000000000067e+00,3.366367947803680909e-03,9.227704759785752830e-02
-7.318594000000000488e-01,1.585291000000000006e+00,2.242846999999999813e+00,3.191746882194770873e-03,4.535813544795673502e-02
-7.318468000000000195e-01,1.585655000000000037e+00,2.242512000000000061e+00,3.324386535888989355e-03,7.983303913656253359e-02
-7.320322999999999691e-01,1.586495999999999906e+00,2.242382000000000097e+00,3.438749320610613638e-03,0.000000000000000000e+00
-7.320322999999999691e-01,1.586495999999999906e+00,2.242382000000000097e+00,3.438749320610613638e-03,8.471946587017480101e-02
-7.318181999999999743e-01,1.587288999999999950e+00,2.241795999999999900e+00,3.878293134872634867e-03,7.057583505842718319e-02
-7.319972999999999619e-01,1.587952000000000030e+00,2.241534999999999833e+00,3.899910769492119685e-03,0.000000000000000000e+00
-7.319972999999999619e-01,1.587952000000000030e+00,2.241534999999999833e+00,3.899910769492119685e-03,7.553478953303975618e-02
-7.321001999999999788e-01,1.588405999999999985e+00,2.240854999999999819e+00,4.266110973709020572e-03,5.089929277433881405e-02
-7.326125999999999472e-01,1.588602999999999987e+00,2.240768000000000093e+00,3.955824628317106822e-03,0.000000000000000000e+00
-7.326125999999999472e-01,1.588602999999999987e+00,2.240768000000000093e+00,3.955824628317106822e-03,7.588019480381878734e-02
-7.332524999999999737e-01,1.589185999999999988e+00,2.240782999999999969e+00,3.388877153276654165e-03,1.122895128905036233e-01
-7.338730999999999449e-01,1.590217999999999909e+00,2.241007999999999889e+00,2.953929322106522981e-03,0.000000000000000000e+00
-7.338730999999999449e-01,1.590217999999999909e+00,2.241007999999999889e+00,2.953929322106522981e-03,6.020876694472969415e-02
-7.343779000000000279e-01,1.590653000000000095e+00,2.240841000000000083e+00,2.696354234888137351e-03,7.481718438043917507e-02
-7.348278000000000310e-01,1.591280000000000028e+00,2.240711000000000119e+00,2.429079062113659489e-03,0.000000000000000000e+00
-7.348278000000000310e-01,1.591280000000000028e+00,2.240711000000000119e+00,2.429079062113659489e-03,1.194130074453953055e-01
-7.354300000000000281e-01,1.592397999999999980e+00,2.240419999999999856e+00,2.470613852871571519e-03,0.000000000000000000e+00
-7.354300000000000281e-01,1.592397999999999980e+00,2.240419999999999856e+00,2.470613852871571519e-03,8.486256660924360040e-02
-7.358067000000000357e-01,1.593242999999999965e+00,2.240456000000000003e+00,2.082530854513403151e-03,6.101723851736974569e-02
-7.361240000000000006e-01,1.593779000000000057e+00,2.240766999999999953e+00,1.736388208322244171e-03,0.000000000000000000e+00
-7.361240000000000006e-01,1.593779000000000057e+00,2.240766999999999953e+00,1.736388208322244171e-03,6.874148931004959995e-02
-7.365593999999999753e-01,1.594346000000000041e+00,2.240995999999999988e+00,1.520147282338216947e-03,1.276539222875614776e-01
-7.369514000000000342e-01,1.595510999999999902e+00,2.241775000000000073e+00,2.773073385254154564e-04,0.000000000000000000e+00
-7.369514000000000342e-01,1.595510999999999902e+00,2.241775000000000073e+00,2.773073385254154564e-04,7.219142321005815599e-02
-7.371115999999999779e-01,1.596193999999999891e+00,2.242132999999999932e+00,8.275277397162269588e-04,1.378996338605730232e-01
-7.374085999999999697e-01,1.597712999999999939e+00,2.242415999999999965e+00,8.405511584668684619e-04,0.000000000000000000e+00
-7.374085999999999697e-01,1.597712999999999939e+00,2.242415999999999965e+00,8.405511584668684619e-04,9.043485317235144816e-02
-7.375283000000000255e-01,1.598764000000000074e+00,2.242614000000000107e+00,1.589484268559984747e-03,4.382748436419758864e-02
-7.371377999999999542e-01,1.598943000000000003e+00,2.242824000000000151e+00,1.802829079530265770e-03,1.123045100920659761e-01
-7.377924999999999622e-01,1.599755999999999956e+00,2.243352999999999930e+00,2.165178514580022064e-03,0.000000000000000000e+00
-7.377924999999999622e-01,1.599755999999999956e+00,2.243352999999999930e+00,2.165178514580022064e-03,8.350806055963382046e-02
-7.381520000000000303e-01,1.600498999999999894e+00,2.243828999999999851e+00,2.846099128631711123e-03,0.000000000000000000e+00
-7.381520000000000303e-01,1.600498999999999894e+00,2.243828999999999851e+00,2.846099128631711123e-03,5.952279231600512283e-02
-7.384827000000000474e-01,1.601078000000000001e+00,2.243700000000000028e+00,3.005154919467391012e-03,4.158043691242158113e-02
-7.388017000000000056e-01,1.601428999999999991e+00,2.243710999999999789e+00,3.045966134085816446e-03,0.000000000000000000e+00
-7.388017000000000056e-01,1.601428999999999991e+00,2.243710999999999789e+00,3.045966134085816446e-03,9.036579289267507309e-02
-7.393767999999999452e-01,1.602136000000000005e+00,2.244086999999999943e+00,3.632205726552175523e-03,4.812883579888159458e-02
-7.397628000000000537e-01,1.602522999999999920e+00,2.244139999999999802e+00,3.916356985771047433e-03,0.000000000000000000e+00
-7.397628000000000537e-01,1.602522999999999920e+00,2.244139999999999802e+00,3.916356985771047433e-03,2.721461059028913373e-02
-7.399491999999999736e-01,1.602754000000000012e+00,2.244146999999999892e+00,4.070680341171270186e-03,7.869810944659050289e-02
-7.404171999999999976e-01,1.603018000000000054e+00,2.243379000000000012e+00,3.746627375386960869e-03,0.000000000000000000e+00
-7.404171999999999976e-01,1.603018000000000054e+00,2.243379000000000012e+00,3.746627375386960869e-03,2.759739084293193201e-02
-7.401630999999999627e-01,1.603150000000000075e+00,2.243247999999999909e+00,3.485988932856540906e-03,6.189491623958328498e-02
-7.405152000000000401e-01,1.603636999999999979e+00,2.242939999999999934e+00,3.410708942433966079e-03,0.000000000000000000e+00
-7.405152000000000401e-01,1.603636999999999979e+00,2.242939999999999934e+00,3.410708942433966079e-03,7.291108165548784714e-02
-7.412744000000000000e-01,1.603974999999999929e+00,2.242977999999999916e+00,3.976351751291473842e-03,3.384615515353228687e-02
-7.413923999999999515e-01,1.604322000000000026e+00,2.243022999999999989e+00,4.143180330374120202e-03,9.707587199148480506e-02
-7.414064000000000210e-01,1.605378999999999889e+00,2.243088000000000193e+00,4.296512735929176700e-03,2.379106455668354714e-02
-7.413769000000000053e-01,1.605628000000000055e+00,2.242983999999999867e+00,4.192981187651495176e-03,0.000000000000000000e+00
-7.413769000000000053e-01,1.605628000000000055e+00,2.242983999999999867e+00,4.192981187651495176e-03,4.687528942210498345e-02
-7.413684999999999858e-01,1.606065999999999994e+00,2.242767999999999873e+00,4.052490044404713151e-03,7.879369296032756598e-02
-7.416122000000000547e-01,1.606794999999999973e+00,2.242230999999999863e+00,4.009641805697828319e-03,0.000000000000000000e+00
-7.416122000000000547e-01,1.606794999999999973e+00,2.242230999999999863e+00,4.009641805697828319e-03,4.623154451238409290e-02
-7.415199000000000096e-01,1.607166000000000095e+00,2.241902000000000061e+00,3.717551699707694057e-03,5.974892700857714622e-02
-7.415962000000000387e-01,1.607650999999999941e+00,2.241429000000000116e+00,3.420196668321890364e-03,0.000000000000000000e+00
-7.415962000000000387e-01,1.607650999999999941e+00,2.241429000000000116e+00,3.420196668321890364e-03,2.714398412664380950e-02
-7.415241999999999667e-01,1.607925999999999966e+00,2.241346000000000060e+00,3.326963367697275461e-03,3.081125068471749981e-02
-7.414707999999999855e-01,1.608244000000000007e+00,2.241251000000000104e+00,3.272743498962297094e-03,7.918199383252960688e-02
-7.413286999999999516e-01,1.609088000000000074e+00,2.240854999999999819e+00,3.074260042676664820e-03,0.000000000000000000e+00
-7.413286999999999516e-01,1.609088000000000074e+00,2.240854999999999819e+00,3.074260042676664820e-03,4.896071881601901654e-02
-7.408875999999999795e-01,1.609412000000000065e+00,2.240743000000000151e+00,2.666711090463303509e-03,7.724076374528116018e-02
-7.408643000000000312e-01,1.610117999999999938e+00,2.240216000000000207e+00,2.300413712791742581e-03,3.326702090731794431e-02
-7.409462999999999466e-01,1.610395000000000021e+00,2.240025000000000155e+00,2.311282165811856006e-03,3.337683310829240441e-02
-7.409723000000000281e-01,1.610746999999999929e+00,2.239882000000000151e+00,2.391860416077831470e-03,0.000000000000000000e+00
-7.409723000000000281e-01,1.610746999999999929e+00,2.239882000000000151e+00,2.391860416077831470e-03,5.958737420878907481e-02
-7.409514999999999851e-01,1.611288000000000054e+00,2.239577999999999847e+00,2.130205391505526815e-03,3.020759574588924648e-02
-7.409837000000000229e-01,1.611614000000000102e+00,2.239430000000000032e+00,2.018381601679902597e-03,0.000000000000000000e+00
-7.409837000000000229e-01,1.611614000000000102e+00,2.239430000000000032e+00,2.018381601679902597e-03,2.110821473270850165e-02
-7.410063999999999540e-01,1.611771999999999982e+00,2.239263999999999921e+00,1.928190083990540416e-03,9.280122973838846046e-02
-7.412125999999999992e-01,1.612352000000000007e+00,2.238459000000000199e+00,1.871420433788194325e-03,0.000000000000000000e+00
-7.412125999999999992e-01,1.612352000000000007e+00,2.238459000000000199e+00,1.871420433788194325e-03,4.512499898704606244e-02
-7.411801999999999557e-01,1.612683000000000089e+00,2.238096000000000085e+00,1.821506508360622775e-03,7.156745347341009200e-02
-7.411377000000000104e-01,1.613329999999999931e+00,2.237661000000000122e+00,1.399298827985043367e-03,0.000000000000000000e+00
-7.411377000000000104e-01,1.613329999999999931e+00,2.237661000000000122e+00,1.399298827985043367e-03,3.613741996226255832e-02
-7.412185999999999497e-01,1.613660000000000094e+00,2.237461000000000144e+00,1.420479848501916397e-03,3.159349253341184327e-02
-7.411189000000000249e-01,1.613947000000000020e+00,2.237267000000000117e+00,1.359839803065103839e-03,6.772531872674726616e-02
-7.413904999999999523e-01,1.614562000000000053e+00,2.236886000000000152e+00,1.721551916150032774e-03,4.260525905481916953e-02
-7.416182000000000052e-01,1.614932999999999952e+00,2.236723000000000017e+00,1.716758017310570815e-03,0.000000000000000000e+00
-7.416182000000000052e-01,1.614932999999999952e+00,2.236723000000000017e+00,1.716758017310570815e-03,8.663102757037134671e-02
-7.418810999999999600e-01,1.615620000000000056e+00,2.236063999999999830e+00,1.941305169209622599e-03,4.171932763518335086e-02
-7.420668999999999738e-01,1.615947000000000022e+00,2.235846000000000000e+00,2.217215496969075945e-03,0.000000000000000000e+00
-7.420668999999999738e-01,1.615947000000000022e+00,2.235846000000000000e+00,2.217215496969075945e-03,4.290251071480801620e-02
-7.421322000000000196e-01,1.616284000000000054e+00,2.235497000000000067e+00,2.327782000102199527e-03,8.239729183960481373e-02
-7.421824999999999672e-01,1.616973999999999911e+00,2.234923000000000215e+00,2.271013705374711009e-03,0.000000000000000000e+00
-7.421824999999999672e-01,1.616973999999999911e+00,2.234923000000000215e+00,2.271013705374711009e-03,4.040062939783826967e-02
-7.422959999999999559e-01,1.617410999999999932e+00,2.234830000000000094e+00,2.335802431713767269e-03,5.299446296351961044e-02
-7.424397000000000357e-01,1.617955000000000032e+00,2.234697000000000155e+00,2.544748178111184977e-03,7.768263822017913711e-02
-7.426616999999999802e-01,1.618811000000000000e+00,2.234637000000000207e+00,2.379739557178463163e-03,0.000000000000000000e+00
-7.426616999999999802e-01,1.618811000000000000e+00,2.234637000000000207e+00,2.379739557178463163e-03,4.563617869544751154e-02
-7.427441999999999656e-01,1.619293000000000093e+00,2.234541000000000111e+00,2.378502598274799280e-03,5.022187208449074153e-02
-7.426023000000000485e-01,1.619680000000000009e+00,2.234179999999999833e+00,2.368458148247712652e-03,0.000000000000000000e+00
-7.426023000000000485e-01,1.619680000000000009e+00,2.234179999999999833e+00,2.368458148247712652e-03,6.600409153599186285e-02
-7.426000000000000378e-01,1.620400000000000063e+00,2.234147000000000105e+00,2.241102239970275880e-03,0.000000000000000000e+00
-7.426000000000000378e-01,1.620400000000000063e+00,2.234147000000000105e+00,2.241102239970275880e-03,8.212929546161110150e-02
-7.425789999999999891e-01,1.621297999999999906e+00,2.234414000000000122e+00,1.904064140201153221e-03,4.873742143537251881e-02
-7.427011000000000029e-01,1.621806000000000081e+00,2.234602999999999895e+00,2.035404519991066471e-03,0.000000000000000000e+00
-7.427011000000000029e-01,1.621806000000000081e+00,2.234602999999999895e+00,2.035404519991066471e-03,1.383858958129145778e-01
-7.429154000000000035e-01,1.623073999999999906e+00,2.235393999999999881e+00,2.702982036566237926e-03,5.715643845354916736e-02
-7.431891000000000469e-01,1.623596999999999957e+00,2.235594999999999999e+00,3.014168734493872636e-03,0.000000000000000000e+00
-7.431891000000000469e-01,1.623596999999999957e+00,2.235594999999999999e+00,3.014168734493872636e-03,6.331267006271511233e-02
-7.434064999999999701e-01,1.624238999999999988e+00,2.235727999999999938e+00,3.352039206214611159e-03,1.121497308488450390e-01
-7.436277999999999500e-01,1.625412000000000079e+00,2.236188999999999982e+00,4.205511004622444239e-03,0.000000000000000000e+00
-7.436277999999999500e-01,1.625412000000000079e+00,2.236188999999999982e+00,4.205511004622444239e-03,4.222022782960722920e-02
-7.435956000000000232e-01,1.625849000000000100e+00,2.236330999999999847e+00,4.350146737754923172e-03,6.408398432255493771e-02
-7.435899000000000258e-01,1.626543999999999990e+00,2.236254999999999882e+00,4.411017684163139919e-03,0.000000000000000000e+00
-7.435899000000000258e-01,1.626543999999999990e+00,2.236254999999999882e+00,4.411017684163139919e-03,8.269849469140895526e-02
-7.432946999999999749e-01,1.627437999999999940e+00,2.236191999999999958e+00,4.521172636606571663e-03,4.488711080004955528e-02
-7.430510999999999644e-01,1.627809000000000061e+00,2.235984999999999889e+00,4.438354840478628792e-03,9.375051630537759029e-02
-7.427291999999999783e-01,1.628328999999999915e+00,2.235164000000000151e+00,3.677865713970556935e-03,4.474046656387360710e-02
-7.424655000000000005e-01,1.628746999999999945e+00,2.235037999999999858e+00,3.607219948935521357e-03,0.000000000000000000e+00
-7.424655000000000005e-01,1.628746999999999945e+00,2.235037999999999858e+00,3.607219948935521357e-03,5.154437823918461836e-02
-7.420811999999999964e-01,1.629113999999999951e+00,2.234853999999999896e+00,3.503158519107953811e-03,1.113199869031768346e-01
-7.414979999999999905e-01,1.630093000000000014e+00,2.234293000000000085e+00,3.340237190679867102e-03,0.000000000000000000e+00
-7.414979999999999905e-01,1.630093000000000014e+00,2.234293000000000085e+00,3.340237190679867102e-03,6.838096110968513996e-02
-7.415070999999999746e-01,1.630630000000000024e+00,2.233728000000000158e+00,3.004325974324550692e-03,1.349214525369209217e-01
-7.408964999999999579e-01,1.631455000000000100e+00,2.232670999999999850e+00,2.625746943252502130e-03,5.236066123945239126e-02
-7.408143999999999840e-01,1.631760000000000099e+00,2.232194999999999929e+00,2.257619728829507368e-03,0.000000000000000000e+00
-7.408143999999999840e-01,1.631760000000000099e+00,2.232194999999999929e+00,2.257619728829507368e-03,6.117686650664453524e-02
-7.405758000000000063e-01,1.631869000000000014e+00,2.231613999999999987e+00,1.890779902579940025e-03,8.743481609599859650e-02
-7.400122000000000089e-01,1.632333000000000034e+00,2.230999999999999872e+00,2.095488334493871788e-03,0.000000000000000000e+00
-7.400122000000000089e-01,1.632333000000000034e+00,2.230999999999999872e+00,2.095488334493871788e-03,4.537028029955413044e-02
-7.397964000000000206e-01,1.632678000000000074e+00,2.230679999999999996e+00,2.360256138642607623e-03,4.876163826347055391e-02
-7.396831999999999852e-01,1.632991000000000081e+00,2.230265000000000164e+00,2.231586870368256880e-03,9.752349362167565816e-02
-7.390742000000000145e-01,1.633629999999999916e+00,2.229671000000000181e+00,2.673344489585984408e-03,3.142782056635453486e-02
-7.390368000000000492e-01,1.633987000000000078e+00,2.229566000000000159e+00,2.793608777191221911e-03,0.000000000000000000e+00
-7.390368000000000492e-01,1.633987000000000078e+00,2.229566000000000159e+00,2.793608777191221911e-03,8.462563808655433617e-02
-7.387240000000000473e-01,1.634778000000000064e+00,2.229207000000000161e+00,3.189431667240992876e-03,4.667061044051252355e-02
-7.385477999999999765e-01,1.635234999999999994e+00,2.228997999999999813e+00,3.314609817157892178e-03,0.000000000000000000e+00
-7.385477999999999765e-01,1.635234999999999994e+00,2.228997999999999813e+00,3.314609817157892178e-03,6.412084624155849066e-02
-7.379987000000000075e-01,1.635642000000000040e+00,2.228737000000000190e+00,3.858238044755642280e-03,7.826114558512715924e-02
-7.377099999999999769e-01,1.636406000000000027e+00,2.228375999999999912e+00,4.311574440966995866e-03,0.000000000000000000e+00
-7.377099999999999769e-01,1.636406000000000027e+00,2.228375999999999912e+00,4.311574440966995866e-03,4.019387881098859111e-02
-7.378689999999999971e-01,1.636825999999999892e+00,2.228285000000000071e+00,4.129657275125939511e-03,8.585989200614681238e-02
-7.378459000000000545e-01,1.637804000000000038e+00,2.228336999999999790e+00,4.296958300937953404e-03,0.000000000000000000e+00
-7.378459000000000545e-01,1.637804000000000038e+00,2.228336999999999790e+00,4.296958300937953404e-03,4.530949339117702757e-02
-7.378434999999999855e-01,1.638298000000000032e+00,2.228355000000000086e+00,4.451032752070111648e-03,3.604382150456166001e-02
-7.379069000000000322e-01,1.638702000000000103e+00,2.228314999999999824e+00,4.542034482475903329e-03,8.771751487852695595e-02
-7.385452000000000128e-01,1.639405000000000001e+00,2.228188999999999975e+00,4.051361499545481221e-03,4.261361890594882879e-02
-7.387525999999999815e-01,1.639820999999999973e+00,2.228197999999999901e+00,3.992858294505225066e-03,0.000000000000000000e+00
-7.387525999999999815e-01,1.639820999999999973e+00,2.228197999999999901e+00,3.992858294505225066e-03,4.660430631818612834e-02
-7.390037000000000411e-01,1.640220999999999929e+00,2.228085000000000093e+00,3.885964005237229051e-03,1.059705998848093911e-01
-7.396355000000000013e-01,1.641083000000000069e+00,2.227644000000000180e+00,3.582968662994544425e-03,0.000000000000000000e+00
-7.396355000000000013e-01,1.641083000000000069e+00,2.227644000000000180e+00,3.582968662994544425e-03,5.463058522268638556e-02
-7.400763000000000202e-01,1.641410999999999953e+00,2.227412999999999865e+00,3.216282014997919134e-03,8.481920781343288418e-02
-7.407996999999999499e-01,1.642001999999999962e+00,2.227160000000000029e+00,2.911205447920155436e-03,4.179378717758611139e-02
-7.411853999999999942e-01,1.642231999999999914e+00,2.227081000000000088e+00,2.854863080779869357e-03,0.000000000000000000e+00
-7.411853999999999942e-01,1.642231999999999914e+00,2.227081000000000088e+00,2.854863080779869357e-03,3.209176564560445311e-02
-7.412686000000000552e-01,1.642458999999999891e+00,2.226805999999999841e+00,2.803127983164302450e-03,1.246309758651835548e-01
-7.416036000000000294e-01,1.642625000000000002e+00,2.225433999999999912e+00,1.620176854544074039e-03,0.000000000000000000e+00
-7.416036000000000294e-01,1.642625000000000002e+00,2.225433999999999912e+00,1.620176854544074039e-03,7.111137261588393321e-02
-7.417262000000000022e-01,1.642682999999999893e+00,2.224597999999999853e+00,8.816126360255990922e-04,1.569525088606997520e-01
-7.416774999999999896e-01,1.642730000000000024e+00,2.222887000000000057e+00,1.239332808409247637e-03,8.356269817077416340e-02
-7.420657000000000503e-01,1.642786000000000080e+00,2.222064000000000039e+00,1.419273772039835683e-03,6.844214194822166586e-02
-7.421645999999999521e-01,1.643124000000000029e+00,2.221366999999999869e+00,1.681669946809092285e-03,0.000000000000000000e+00
-7.421645999999999521e-01,1.643124000000000029e+00,2.221366999999999869e+00,1.681669946809092285e-03,1.468376161604467989e-01
-7.422689999999999566e-01,1.643542000000000058e+00,2.219824000000000019e+00,2.872036665852381165e-03,6.514593422316219962e-02
-7.421818000000000026e-01,1.643853999999999926e+00,2.219155000000000211e+00,3.135235686515472180e-03,0.000000000000000000e+00
-7.421818000000000026e-01,1.643853999999999926e+00,2.219155000000000211e+00,3.135235686515472180e-03,6.742602833146052466e-02
-7.420075000000000420e-01,1.644136999999999960e+00,2.218497999999999859e+00,3.543120455192292143e-03,1.389612099122277400e-01
-7.417232999999999743e-01,1.644643000000000077e+00,2.217020999999999908e+00,4.495073187390849836e-03,0.000000000000000000e+00
-7.417232999999999743e-01,1.644643000000000077e+00,2.217020999999999908e+00,4.495073187390849836e-03,5.501932686167520375e-02
-7.416160000000000529e-01,1.644980000000000109e+00,2.216536000000000062e+00,4.696834113527844669e-03,9.364363194681063485e-02
-7.414283999999999875e-01,1.645702999999999916e+00,2.215771999999999853e+00,5.008900103815371388e-03,0.000000000000000000e+00
-7.414283999999999875e-01,1.645702999999999916e+00,2.215771999999999853e+00,5.008900103815371388e-03,5.753136525049308558e-02
-7.414060000000000095e-01,1.646249999999999991e+00,2.215465000000000018e+00,4.875528772348695049e-03,4.418271529079094428e-02
-7.413707000000000491e-01,1.646741999999999928e+00,2.215282999999999891e+00,4.746728077318234686e-03,0.000000000000000000e+00
-7.413707000000000491e-01,1.646741999999999928e+00,2.215282999999999891e+00,4.746728077318234686e-03,8.409421507284949027e-02
-7.416228999999999738e-01,1.647583000000000020e+00,2.214895999999999976e+00,4.605877766506642421e-03,3.719455611230470388e-02
-7.415829000000000448e-01,1.647993000000000041e+00,2.214793999999999929e+00,4.394362069743504122e-03,8.581935025505309234e-02
-7.417907999999999724e-01,1.648876999999999926e+00,2.214566000000000034e+00,4.018556881518608494e-03,5.887226336540898192e-02
-7.417506999999999850e-01,1.649478000000000000e+00,2.214342999999999950e+00,3.953148218825218441e-03,0.000000000000000000e+00
-7.417506999999999850e-01,1.649478000000000000e+00,2.214342999999999950e+00,3.953148218825218441e-03,4.163133836776526653e-02
-7.417485999999999802e-01,1.649906000000000095e+00,2.214191000000000020e+00,3.744370174007894368e-03,7.279745128731048009e-02
-7.416681999999999997e-01,1.650603999999999960e+00,2.213747999999999827e+00,3.632815486644143995e-03,5.686918907828478198e-02
-7.413587999999999845e-01,1.650560000000000027e+00,2.213211999999999957e+00,4.155767009831103261e-03,0.000000000000000000e+00
-7.413587999999999845e-01,1.650560000000000027e+00,2.213211999999999957e+00,4.155767009831103261e-03,2.453840666585993535e-02
-7.411480000000000290e-01,1.650708000000000064e+00,2.213138999999999967e+00,4.194832673659370376e-03,5.515414183832769573e-02
-7.410735999999999990e-01,1.651200999999999919e+00,2.212755000000000027e+00,4.235139229116335891e-03,0.000000000000000000e+00
-7.410735999999999990e-01,1.651200999999999919e+00,2.212755000000000027e+00,4.235139229116335891e-03,5.073036362957602380e-02
-7.409605999999999693e-01,1.651556000000000024e+00,2.212311999999999834e+00,4.320544814025294167e-03,6.294516466468877414e-02
-7.408825999999999468e-01,1.652017000000000069e+00,2.211809000000000136e+00,4.461580963066670395e-03,0.000000000000000000e+00
-7.408825999999999468e-01,1.652017000000000069e+00,2.211809000000000136e+00,4.461580963066670395e-03,3.259236230646542221e-02
-7.406726000000000143e-01,1.652260999999999980e+00,2.211959999999999926e+00,4.287178056717573342e-03,3.383808729543563709e-02
-7.404642000000000168e-01,1.652586000000000110e+00,2.211964000000000041e+00,4.219707976862792538e-03,9.666586110353130035e-02
-7.402142999999999917e-01,1.653594999999999926e+00,2.212142000000000053e+00,3.624830767084203341e-03,6.358630016305152899e-02
-7.397415999999999991e-01,1.654091999999999896e+00,2.212038000000000171e+00,3.677538274443893987e-03,0.000000000000000000e+00
-7.397415999999999991e-01,1.654091999999999896e+00,2.212038000000000171e+00,3.677538274443893987e-03,9.082274800993703212e-02
-7.392708999999999531e-01,1.654895000000000005e+00,2.211866999999999805e+00,3.795893124154211488e-03,2.796877779300263947e-02
-7.392883000000000093e-01,1.655060999999999893e+00,2.211594999999999978e+00,3.906377028654607272e-03,0.000000000000000000e+00
-7.392883000000000093e-01,1.655060999999999893e+00,2.211594999999999978e+00,3.906377028654607272e-03,2.990110077028158841e-02
-7.392100999999999811e-01,1.655221000000000053e+00,2.211304000000000158e+00,4.013900427265116450e-03,6.385355405377088345e-02
-7.392706999999999473e-01,1.655915000000000026e+00,2.211300000000000043e+00,3.602552434038927380e-03,0.000000000000000000e+00
-7.392706999999999473e-01,1.655915000000000026e+00,2.211300000000000043e+00,3.602552434038927380e-03,1.515555643837251248e-02
-7.393191000000000068e-01,1.656080999999999914e+00,2.211298000000000208e+00,3.490558012696443231e-03,4.694286307670311048e-02
-7.394153999999999449e-01,1.656582999999999917e+00,2.211266000000000176e+00,3.238808461456107405e-03,0.000000000000000000e+00
-7.394153999999999449e-01,1.656582999999999917e+00,2.211266000000000176e+00,3.238808461456107405e-03,8.682511464182304795e-02
-7.390940000000000287e-01,1.657520000000000104e+00,2.211279999999999912e+00,3.362416781126318591e-03,4.869977606177958857e-02
-7.391109000000000151e-01,1.658045999999999909e+00,2.211352999999999902e+00,3.182338330536225827e-03,8.546265299503293111e-02
-7.392611999999999517e-01,1.659040999999999988e+00,2.211505999999999972e+00,2.829687339619063775e-03,4.610777834976602374e-02
-7.392881000000000036e-01,1.659520000000000106e+00,2.211491000000000096e+00,2.818304009506482181e-03,0.000000000000000000e+00
-7.392881000000000036e-01,1.659520000000000106e+00,2.211491000000000096e+00,2.818304009506482181e-03,3.881585211087555665e-02
-7.394933999999999674e-01,1.659921999999999898e+00,2.211393000000000164e+00,2.692358445675524861e-03,8.308846168918973540e-02
-7.393197999999999714e-01,1.660717999999999916e+00,2.211100000000000065e+00,2.944509561879556005e-03,4.340132449482288213e-02
-7.392239999999999922e-01,1.661140999999999979e+00,2.210910000000000153e+00,2.988222321046432942e-03,0.000000000000000000e+00
-7.392239999999999922e-01,1.661140999999999979e+00,2.210910000000000153e+00,2.988222321046432942e-03,7.654799182960748960e-02
-7.392552000000000012e-01,1.661977000000000038e+00,2.210659000000000152e+00,3.107473732793257851e-03,3.413582989400298223e-02
-7.393880000000000452e-01,1.662319000000000102e+00,2.210595000000000088e+00,3.129874764267722397e-03,0.000000000000000000e+00
-7.393880000000000452e-01,1.662319000000000102e+00,2.210595000000000088e+00,3.129874764267722397e-03,5.814304938893524732e-02
-7.395998999999999768e-01,1.662916000000000061e+00,2.210627999999999815e+00,3.226345643293629991e-03,9.429794312545319857e-02
-7.402250999999999692e-01,1.663788999999999962e+00,2.210560000000000080e+00,3.061330052444618220e-03,0.000000000000000000e+00
-7.402250999999999692e-01,1.663788999999999962e+00,2.210560000000000080e+00,3.061330052444618220e-03,3.730518800509331767e-02
-7.405640999999999474e-01,1.663969000000000031e+00,2.210376000000000118e+00,2.855171464203309136e-03,4.491190567544955242e-02
-7.409500999999999449e-01,1.664247999999999950e+00,2.210259000000000196e+00,2.792924218449314207e-03,6.415573909256114260e-02
-7.409126999999999796e-01,1.664816999999999991e+00,2.209801000000000126e+00,2.998952852246970086e-03,4.153401916183759035e-02
-7.410177999999999487e-01,1.664938999999999947e+00,2.209376999999999924e+00,2.709282849759212138e-03,0.000000000000000000e+00
-7.410177999999999487e-01,1.664938999999999947e+00,2.209376999999999924e+00,2.709282849759212138e-03,9.832636156837715191e-02
-7.412448000000000370e-01,1.665064000000000100e+00,2.208334999999999937e+00,1.875414930088784580e-03,3.447634304232920915e-02
-7.413161000000000334e-01,1.665132000000000057e+00,2.207971999999999824e+00,1.672528292735195841e-03,0.000000000000000000e+00
-7.413161000000000334e-01,1.665132000000000057e+00,2.207971999999999824e+00,1.672528292735195841e-03,5.138231526200672666e-02
-7.416812999999999878e-01,1.665197000000000038e+00,2.207551000000000041e+00,1.445888519215813347e-03,6.255533066566870692e-02
-7.418744999999999923e-01,1.665121999999999991e+00,2.206868000000000052e+00,1.278452193083486933e-03,0.000000000000000000e+00
-7.418744999999999923e-01,1.665121999999999991e+00,2.206868000000000052e+00,1.278452193083486933e-03,2.664381843239070277e-02
-7.419590999999999825e-01,1.665297999999999945e+00,2.206634999999999902e+00,1.086155900412001142e-03,3.989005086427939439e-02
-7.420544999999999503e-01,1.665596000000000076e+00,2.206361999999999934e+00,8.724988022914022387e-04,0.000000000000000000e+00
-7.420544999999999503e-01,1.665596000000000076e+00,2.206361999999999934e+00,8.724988022914022387e-04,6.951060947062612239e-02
-7.420320999999999723e-01,1.666045999999999916e+00,2.205751999999999935e+00,7.482231218025041809e-04,4.159375777999575058e-02
-7.419588999999999768e-01,1.666482999999999937e+00,2.205582000000000154e+00,1.131586938772227669e-03,0.000000000000000000e+00
-7.419588999999999768e-01,1.666482999999999937e+00,2.205582000000000154e+00,1.131586938772227669e-03,1.085742359298381837e-01
-7.420134999999999925e-01,1.667416999999999927e+00,2.204769999999999897e+00,9.665282406632253777e-04,0.000000000000000000e+00
-7.420134999999999925e-01,1.667416999999999927e+00,2.204769999999999897e+00,9.665282406632253777e-04,3.435416410072020255e-02
-7.419784000000000379e-01,1.667721999999999927e+00,2.204555000000000042e+00,1.045383800333524269e-03,7.674438662153970636e-02
-7.417603000000000391e-01,1.668328000000000033e+00,2.204019999999999868e+00,1.481420318478199544e-03,4.538591584968432874e-02
-7.417626000000000497e-01,1.668752000000000013e+00,2.203683999999999976e+00,1.249056640028748224e-03,0.000000000000000000e+00
-7.417626000000000497e-01,1.668752000000000013e+00,2.203683999999999976e+00,1.249056640028748224e-03,6.686704065346459058e-02
-7.415576000000000390e-01,1.669448999999999961e+00,2.203618000000000077e+00,1.575290922337821160e-03,3.848200143080852953e-02
-7.414768000000000470e-01,1.669770999999999894e+00,2.203361000000000125e+00,1.684150827568521233e-03,0.000000000000000000e+00
-7.414768000000000470e-01,1.669770999999999894e+00,2.203361000000000125e+00,1.684150827568521233e-03,6.293182302122259097e-02
-7.413887999999999590e-01,1.670303000000000093e+00,2.202935999999999783e+00,2.036742752534074791e-03,9.144509215725360463e-02
-7.412471999999999950e-01,1.671265999999999918e+00,2.202713000000000143e+00,2.317536398851377522e-03,0.000000000000000000e+00
-7.412471999999999950e-01,1.671265999999999918e+00,2.202713000000000143e+00,2.317536398851377522e-03,6.316843234414233621e-02
-7.411554000000000197e-01,1.671823999999999977e+00,2.202317999999999998e+00,2.493072850921229135e-03,4.562321518421252192e-02
-7.410065999999999597e-01,1.671915999999999958e+00,2.201852000000000142e+00,2.385028721001180609e-03,0.000000000000000000e+00
-7.410065999999999597e-01,1.671915999999999958e+00,2.201852000000000142e+00,2.385028721001180609e-03,1.795607010655599356e-01
-7.403102000000000293e-01,1.672994000000000092e+00,2.200254999999999850e+00,2.272617391907290688e-03,0.000000000000000000e+00
-7.403102000000000293e-01,1.672994000000000092e+00,2.200254999999999850e+00,2.272617391907290688e-03,1.162825177768184032e-01
-7.401431000000000537e-01,1.673483000000000054e+00,2.199033000000000015e+00,1.874932521452529104e-03,4.813309463830075380e-02
-7.400799000000000127e-01,1.673761000000000054e+00,2.198592000000000102e+00,1.835911261472231203e-03,0.000000000000000000e+00
-7.400799000000000127e-01,1.673761000000000054e+00,2.198592000000000102e+00,1.835911261472231203e-03,5.138957694693312150e-02
-7.400731999999999866e-01,1.673967999999999900e+00,2.198071000000000108e+00,1.841096056701023182e-03,9.973275058081072786e-02
-7.399073000000000455e-01,1.674598000000000031e+00,2.197137999999999813e+00,1.647887204877753224e-03,0.000000000000000000e+00
-7.399073000000000455e-01,1.674598000000000031e+00,2.197137999999999813e+00,1.647887204877753224e-03,5.053720510378100633e-02
-7.399010999999999783e-01,1.674811000000000050e+00,2.196657000000000082e+00,1.547100837049887557e-03,6.951164245584574852e-02
-7.402400999999999565e-01,1.675313000000000052e+00,2.196145000000000014e+00,1.640011585325091160e-03,0.000000000000000000e+00
-7.402400999999999565e-01,1.675313000000000052e+00,2.196145000000000014e+00,1.640011585325091160e-03,4.370223292781164059e-02
-7.402193999999999718e-01,1.675538999999999890e+00,2.195701000000000125e+00,1.377538474961738542e-03,4.009509127468599554e-02
-7.403264000000000511e-01,1.675701000000000107e+00,2.195308999999999955e+00,1.069151182013007703e-03,0.000000000000000000e+00
-7.403264000000000511e-01,1.675701000000000107e+00,2.195308999999999955e+00,1.069151182013007703e-03,9.305726843631159650e-02
-7.403851000000000182e-01,1.675926000000000027e+00,2.194272999999999918e+00,9.161883212529698273e-04,4.562759478456642620e-02
-7.404802000000000328e-01,1.676072999999999924e+00,2.193807000000000063e+00,1.054843310639024239e-03,4.176255679851600261e-02
-7.405462000000000433e-01,1.676126999999999923e+00,2.193359000000000059e+00,6.416799903378279457e-04,8.571165735603715474e-02
-7.404946999999999502e-01,1.676662000000000097e+00,2.192543000000000131e+00,4.400713124029653083e-04,3.616352811211474144e-02
-7.404872999999999594e-01,1.676825000000000010e+00,2.192164000000000001e+00,8.204181860491884838e-04,0.000000000000000000e+00
-7.404872999999999594e-01,1.676825000000000010e+00,2.192164000000000001e+00,8.204181860491884838e-04,6.758551323833129898e-02
-7.404988000000000126e-01,1.677160999999999902e+00,2.191469999999999807e+00,6.836894397313108456e-04,4.070219362789323503e-02
-7.404663999999999691e-01,1.677572000000000063e+00,2.191304999999999836e+00,2.565677493372443526e-04,0.000000000000000000e+00
-7.404663999999999691e-01,1.677572000000000063e+00,2.191304999999999836e+00,2.565677493372443526e-04,3.787885932437788650e-02
-7.404319999999999791e-01,1.677874000000000088e+00,2.191024999999999778e+00,2.347072431775974852e-04,6.706402137852693346e-02
-7.404043999999999626e-01,1.678398999999999974e+00,2.190469000000000221e+00,9.668234637199176178e-04,0.000000000000000000e+00
-7.404043999999999626e-01,1.678398999999999974e+00,2.190469000000000221e+00,9.668234637199176178e-04,3.392858019032281985e-02
-7.403998000000000523e-01,1.678727999999999998e+00,2.190234999999999932e+00,7.985181588415842142e-04,6.458081566190623790e-02
-7.404112999999999944e-01,1.679348000000000063e+00,2.189972000000000030e+00,5.731849614216578005e-04,0.000000000000000000e+00
-7.404112999999999944e-01,1.679348000000000063e+00,2.189972000000000030e+00,5.731849614216578005e-04,3.387905729138998567e-02
-7.404387000000000052e-01,1.679648999999999948e+00,2.189731000000000094e+00,6.645050488896946149e-04,3.118726438642354520e-02
-7.403695999999999611e-01,1.679931000000000063e+00,2.189553000000000083e+00,9.028905193876346231e-04,6.767745606883533716e-02
-7.402821000000000540e-01,1.680396999999999919e+00,2.188987000000000016e+00,1.226685212269256571e-03,3.114553503243200003e-02
-7.402357999999999993e-01,1.680695000000000050e+00,2.188798999999999939e+00,1.121483553156228012e-03,0.000000000000000000e+00
-7.402357999999999993e-01,1.680695000000000050e+00,2.188798999999999939e+00,1.121483553156228012e-03,3.825427172662371200e-02
-7.401412000000000546e-01,1.681081999999999965e+00,2.188811999999999980e+00,1.335919533504861898e-03,7.015849477501202858e-02
-7.400438999999999767e-01,1.681673999999999891e+00,2.188282000000000060e+00,1.525409023835772255e-03,0.000000000000000000e+00
-7.400438999999999767e-01,1.681673999999999891e+00,2.188282000000000060e+00,1.525409023835772255e-03,4.833638152564331131e-02
-7.399472999999999745e-01,1.681673999999999891e+00,2.187739000000000100e+00,1.451726699485656000e-03,8.198604208862200760e-02
-7.399504000000000081e-01,1.681972999999999940e+00,2.186895999999999951e+00,1.023384097003478179e-03,0.000000000000000000e+00
-7.399504000000000081e-01,1.681972999999999940e+00,2.186895999999999951e+00,1.023384097003478179e-03,2.771783062223087332e-02
-7.399432999999999705e-01,1.682150000000000034e+00,2.186634000000000189e+00,9.415348320694962589e-04,4.593516114164757774e-02
-7.399750000000000494e-01,1.682206000000000090e+00,2.186136999999999997e+00,7.837571371286739192e-04,0.000000000000000000e+00
-7.399750000000000494e-01,1.682206000000000090e+00,2.186136999999999997e+00,7.837571371286739192e-04,9.316824838062535974e-02
-7.397582999999999798e-01,1.682158999999999960e+00,2.185144999999999893e+00,9.753486556097512887e-04,4.598489074660634668e-02
-7.396954999999999503e-01,1.682214000000000098e+00,2.184626999999999875e+00,5.264179328250289704e-04,9.256447336803041992e-02
-7.392769000000000146e-01,1.682309999999999972e+00,2.183713000000000015e+00,8.106602000838421208e-04,4.157748058403632624e-02
-7.391607999999999512e-01,1.682417999999999969e+00,2.183288000000000117e+00,1.181943843843636429e-03,2.551729247421402266e-02
-7.390902000000000305e-01,1.682468000000000075e+00,2.183009999999999895e+00,1.437907841274977403e-03,0.000000000000000000e+00
-7.390902000000000305e-01,1.682468000000000075e+00,2.183009999999999895e+00,1.437907841274977403e-03,7.519493404084401367e-02
-7.387593000000000076e-01,1.682614999999999972e+00,2.182272999999999907e+00,1.392169260542818181e-03,6.295682059151463950e-02
-7.384927000000000019e-01,1.682795999999999959e+00,2.181630999999999876e+00,1.666329862302297956e-03,0.000000000000000000e+00
-7.384927000000000019e-01,1.682795999999999959e+00,2.181630999999999876e+00,1.666329862302297956e-03,3.189630953348149278e-02
-7.382537999999999601e-01,1.682835000000000081e+00,2.181381000000000014e+00,1.943969649968848743e-03,3.975383063881671869e-02
-7.380849999999999911e-01,1.683148000000000089e+00,2.180677000000000199e+00,2.100637960239719153e-03,0.000000000000000000e+00
-7.380849999999999911e-01,1.683148000000000089e+00,2.180677000000000199e+00,2.100637960239719153e-03,2.453998101314236457e-02
-7.380046999999999580e-01,1.683257000000000003e+00,2.180759000000000114e+00,2.068884059100577731e-03,6.545131801643028213e-02
-7.379173999999999456e-01,1.683592999999999895e+00,2.180134999999999934e+00,1.975298468586638139e-03,0.000000000000000000e+00
-7.379173999999999456e-01,1.683592999999999895e+00,2.180134999999999934e+00,1.975298468586638139e-03,3.272969541785945846e-02
-7.377814999999999790e-01,1.683594000000000035e+00,2.180499999999999883e+00,2.010125242366832092e-03,6.299997673731051739e-02
-7.376992999999999467e-01,1.683999000000000024e+00,2.179949999999999832e+00,2.000539029861838226e-03,0.000000000000000000e+00
-7.376992999999999467e-01,1.683999000000000024e+00,2.179949999999999832e+00,2.000539029861838226e-03,2.924846176850766713e-02
-7.374737000000000098e-01,1.684263999999999983e+00,2.179934999999999956e+00,2.114657005284822314e-03,6.768804194229610660e-02
-7.374296000000000184e-01,1.684768999999999961e+00,2.179397999999999946e+00,2.108697420209935079e-03,0.000000000000000000e+00
-7.374296000000000184e-01,1.684768999999999961e+00,2.179397999999999946e+00,2.108697420209935079e-03,4.887761598558820059e-02
-7.369170000000000442e-01,1.684997999999999996e+00,2.179246000000000016e+00,2.425491680051664392e-03,4.083395701627350050e-02
-7.368382999999999461e-01,1.685254000000000030e+00,2.178889999999999993e+00,2.391924990462728461e-03,0.000000000000000000e+00
-7.368382999999999461e-01,1.685254000000000030e+00,2.178889999999999993e+00,2.391924990462728461e-03,6.245929785232717107e-02
-7.366909999999999847e-01,1.685637999999999970e+00,2.178307999999999911e+00,2.533404486062167896e-03,3.784523384220995351e-02
-7.366125999999999507e-01,1.685870999999999897e+00,2.177953000000000028e+00,2.686401274940239999e-03,6.271258711048412204e-02
-7.363798999999999761e-01,1.686261000000000010e+00,2.177484000000000197e+00,2.656201415555752964e-03,4.114460567248121037e-02
-7.363273999999999653e-01,1.686549000000000076e+00,2.177116999999999969e+00,2.616733117839924443e-03,0.000000000000000000e+00
-7.363273999999999653e-01,1.686549000000000076e+00,2.177116999999999969e+00,2.616733117839924443e-03,4.480897176813215810e-02
-7.362714000000000203e-01,1.686819999999999986e+00,2.176714000000000038e+00,2.669008694253359286e-03,6.329592680130766147e-02
-7.361607999999999485e-01,1.687294999999999989e+00,2.176140000000000185e+00,2.761395699641834740e-03,0.000000000000000000e+00
-7.361607999999999485e-01,1.687294999999999989e+00,2.176140000000000185e+00,2.761395699641834740e-03,4.348839438322296691e-02
-7.361027999999999460e-01,1.687599000000000071e+00,2.175809000000000104e+00,2.669128473865622735e-03,3.490563224429687333e-02
-7.358495999999999926e-01,1.687843999999999900e+00,2.175588999999999995e+00,2.860197246694703814e-03,9.176147333699569142e-02
-7.356291000000000357e-01,1.688441000000000081e+00,2.174815000000000165e+00,3.121972107498693309e-03,0.000000000000000000e+00
-7.356291000000000357e-01,1.688441000000000081e+00,2.174815000000000165e+00,3.121972107498693309e-03,4.279241000783713667e-02
-7.352859999999999951e-01,1.688723999999999892e+00,2.174567000000000139e+00,3.390290400540907530e-03,9.477332012233799508e-02
-7.350729000000000291e-01,1.689316999999999958e+00,2.173745999999999956e+00,3.419368247205811263e-03,0.000000000000000000e+00
-7.350729000000000291e-01,1.689316999999999958e+00,2.173745999999999956e+00,3.419368247205811263e-03,5.027974005303042365e-02
-7.346643999999999952e-01,1.689510999999999985e+00,2.173392999999999908e+00,3.827151703290538644e-03,4.536816297002658344e-02
-7.345943000000000334e-01,1.689759999999999929e+00,2.172970999999999986e+00,3.904451409609353135e-03,4.769109372557180093e-02
-7.343906999999999519e-01,1.690017000000000102e+00,2.172566999999999915e+00,3.964805323089752066e-03,4.178299125708324208e-02
-7.344117000000000006e-01,1.690274000000000054e+00,2.172165999999999819e+00,3.872026762562505095e-03,0.000000000000000000e+00
-7.344117000000000006e-01,1.690274000000000054e+00,2.172165999999999819e+00,3.872026762562505095e-03,7.859229837155108644e-02
-7.342743999999999938e-01,1.690927999999999987e+00,2.171694000000000013e+00,4.076245164363940902e-03,3.932135967326638726e-02
-7.343937999999999855e-01,1.691116999999999981e+00,2.171304999999999819e+00,3.968400629976629422e-03,0.000000000000000000e+00
-7.343937999999999855e-01,1.691116999999999981e+00,2.171304999999999819e+00,3.968400629976629422e-03,4.266690865003512634e-02
-7.344686999999999744e-01,1.691284000000000010e+00,2.170876999999999946e+00,3.750643263494894426e-03,4.688470737138558664e-02
-7.344205000000000316e-01,1.691440000000000055e+00,2.170342999999999911e+00,3.671024109155301279e-03,0.000000000000000000e+00
-7.344205000000000316e-01,1.691440000000000055e+00,2.170342999999999911e+00,3.671024109155301279e-03,4.407127295161816088e-02
-7.343910000000000160e-01,1.691537000000000068e+00,2.169827999999999868e+00,3.645197026225037527e-03,5.093677800904176933e-02
-7.341282000000000085e-01,1.691203999999999930e+00,2.169468999999999870e+00,3.837602355638218814e-03,0.000000000000000000e+00
-7.341282000000000085e-01,1.691203999999999930e+00,2.169468999999999870e+00,3.837602355638218814e-03,6.818800778312140987e-02
-7.338445000000000107e-01,1.691222999999999921e+00,2.168709000000000220e+00,3.993594307137368106e-03,0.000000000000000000e+00
-7.338445000000000107e-01,1.691222999999999921e+00,2.168709000000000220e+00,3.993594307137368106e-03,3.897610627468005295e-02
-7.338356999999999797e-01,1.691262999999999961e+00,2.168247000000000035e+00,3.901206127596935132e-03,4.847729065674081378e-02
-7.336662000000000461e-01,1.691354999999999942e+00,2.167753999999999959e+00,4.018274629738415558e-03,0.000000000000000000e+00
-7.336662000000000461e-01,1.691354999999999942e+00,2.167753999999999959e+00,4.018274629738415558e-03,4.402835684319731518e-02
-7.337017000000000122e-01,1.691419000000000006e+00,2.167257000000000211e+00,3.996970258833507442e-03,9.506284967799044638e-02
-7.334292000000000034e-01,1.691578000000000026e+00,2.166268999999999778e+00,4.110772930970557973e-03,0.000000000000000000e+00
-7.334292000000000034e-01,1.691578000000000026e+00,2.166268999999999778e+00,4.110772930970557973e-03,4.770877127336071305e-02
-7.333254999999999635e-01,1.691791999999999963e+00,2.165805999999999898e+00,4.137321476511206589e-03,4.794218245342662943e-02
-7.331824000000000119e-01,1.691940999999999917e+00,2.165299999999999780e+00,4.278576212947559840e-03,1.253046774226263538e-01
-7.327253999999999712e-01,1.692342000000000013e+00,2.164006000000000096e+00,4.512829477168485599e-03,2.046569675807454261e-02
-7.327920999999999463e-01,1.692460999999999993e+00,2.163803999999999839e+00,4.419275003889314504e-03,4.080895241551564523e-02
-7.323821000000000359e-01,1.692522000000000082e+00,2.163711000000000162e+00,4.813973572839793866e-03,0.000000000000000000e+00
-7.323821000000000359e-01,1.692522000000000082e+00,2.163711000000000162e+00,4.813973572839793866e-03,8.768682590126522514e-02
-7.320172999999999819e-01,1.693033000000000010e+00,2.162932000000000077e+00,5.067784095637886156e-03,5.595963587579007997e-02
-7.316061999999999843e-01,1.693014999999999937e+00,2.163383000000000056e+00,5.552667579641378144e-03,0.000000000000000000e+00
-7.316061999999999843e-01,1.693014999999999937e+00,2.163383000000000056e+00,5.552667579641378144e-03,3.914818661291828011e-02
-7.314450999999999592e-01,1.693240999999999996e+00,2.163032999999999983e+00,5.604675280513611406e-03,1.050544557219479092e-01
-7.305654999999999788e-01,1.693901000000000101e+00,2.162710000000000132e+00,6.358980402548847742e-03,0.000000000000000000e+00
-7.305654999999999788e-01,1.693901000000000101e+00,2.162710000000000132e+00,6.358980402548847742e-03,4.370540512361175550e-02
-7.304007999999999612e-01,1.694123999999999963e+00,2.162295999999999996e+00,6.479036524823758754e-03,5.301547687045965462e-02
-7.299487999999999532e-01,1.694147000000000070e+00,2.161935000000000162e+00,6.915857249105172334e-03,0.000000000000000000e+00
-7.299487999999999532e-01,1.694147000000000070e+00,2.161935000000000162e+00,6.915857249105172334e-03,5.469024120422378427e-02
-7.297753999999999630e-01,1.694261000000000017e+00,2.161375000000000046e+00,6.989470530018820731e-03,5.194080376019572648e-02
-7.296042000000000360e-01,1.694399999999999906e+00,2.160852999999999913e+00,7.056659142257062749e-03,7.224745243916455562e-02
-7.291579000000000255e-01,1.694263000000000075e+00,2.160216999999999832e+00,7.450539848896858136e-03,1.000372104129752249e-01
-7.291619999999999768e-01,1.694498000000000060e+00,2.159050000000000136e+00,7.295156930457367093e-03,0.000000000000000000e+00
-7.291619999999999768e-01,1.694498000000000060e+00,2.159050000000000136e+00,7.295156930457367093e-03,5.266065294690190635e-02
-7.286903999999999604e-01,1.694417000000000062e+00,2.159368000000000176e+00,7.821130913109722305e-03,1.434003173170685375e-01
-7.287082999999999755e-01,1.694558000000000009e+00,2.157738000000000156e+00,7.648291263413042884e-03,0.000000000000000000e+00
-7.287082999999999755e-01,1.694558000000000009e+00,2.157738000000000156e+00,7.648291263413042884e-03,5.577753653967338493e-02
-7.282106999999999886e-01,1.694207000000000019e+00,2.157723999999999975e+00,8.190196359672951426e-03,9.190152370179291430e-02
-7.277194999999999636e-01,1.694234999999999935e+00,2.156798000000000215e+00,8.556608811906797271e-03,0.000000000000000000e+00
-7.277194999999999636e-01,1.694234999999999935e+00,2.156798000000000215e+00,8.556608811906797271e-03,2.350697111627914407e-02
-7.274644000000000110e-01,1.694193999999999978e+00,2.156725999999999921e+00,8.806163367210465692e-03,4.567502746117189927e-02
-7.273009000000000279e-01,1.694180000000000019e+00,2.156254999999999811e+00,8.937916759513876014e-03,0.000000000000000000e+00
-7.273009000000000279e-01,1.694180000000000019e+00,2.156254999999999811e+00,8.937916759513876014e-03,4.018462861072136932e-02
-7.274388999999999994e-01,1.694221999999999895e+00,2.155841000000000118e+00,8.788066909167228241e-03,2.720015410476587722e-02
-7.275028000000000050e-01,1.694236000000000075e+00,2.155524000000000218e+00,8.731246314816634366e-03,4.437949073865501970e-02
-7.276200999999999919e-01,1.694174000000000069e+00,2.155081000000000024e+00,8.591774126453748453e-03,2.577915420784961803e-02
-7.277869999999999617e-01,1.694255999999999984e+00,2.154869999999999841e+00,8.383023035277941890e-03,2.347487839008635321e-02
-7.280128000000000155e-01,1.694290000000000074e+00,2.154729999999999812e+00,8.144182562418361693e-03,0.000000000000000000e+00
-7.280128000000000155e-01,1.694290000000000074e+00,2.154729999999999812e+00,8.144182562418361693e-03,1.067829089092213607e-01
-7.283897000000000288e-01,1.694579000000000057e+00,2.153608000000000189e+00,7.664300583875822449e-03,8.141343550932102213e-02
-7.286344000000000154e-01,1.694809999999999928e+00,2.152785999999999866e+00,7.319881840576384843e-03,0.000000000000000000e+00
-7.286344000000000154e-01,1.694809999999999928e+00,2.152785999999999866e+00,7.319881840576384843e-03,1.698861626497040825e-02
-7.284515000000000295e-01,1.694746000000000086e+00,2.152781000000000056e+00,7.511662016491372183e-03,5.844730009901558110e-02
-7.283566000000000207e-01,1.694735000000000102e+00,2.152121000000000173e+00,7.557236714567007289e-03,0.000000000000000000e+00
-7.283566000000000207e-01,1.694735000000000102e+00,2.152121000000000173e+00,7.557236714567007289e-03,3.640155558384739615e-02
-7.285644999999999483e-01,1.694695000000000062e+00,2.151784999999999837e+00,7.376390936630245615e-03,3.832151650986439367e-02
-7.287538000000000071e-01,1.695025999999999922e+00,2.151571000000000122e+00,7.089582571632883044e-03,0.000000000000000000e+00
-7.287538000000000071e-01,1.695025999999999922e+00,2.151571000000000122e+00,7.089582571632883044e-03,5.809445728506014428e-02
-7.288942000000000476e-01,1.695208000000000048e+00,2.151011000000000006e+00,6.907760364256942953e-03,2.419532635740764479e-02
-7.290442000000000311e-01,1.695411999999999919e+00,2.150901000000000174e+00,6.674338562734172774e-03,0.000000000000000000e+00
-7.290442000000000311e-01,1.695411999999999919e+00,2.150901000000000174e+00,6.674338562734172774e-03,9.067839581803047166e-02
-7.296865000000000157e-01,1.696018000000000026e+00,2.150455000000000005e+00,5.805706661552912165e-03,0.000000000000000000e+00
-7.296865000000000157e-01,1.696018000000000026e+00,2.150455000000000005e+00,5.805706661552912165e-03,8.018501233450503474e-02
-7.302885000000000071e-01,1.696428000000000047e+00,2.149969000000000019e+00,5.077219420115698309e-03,2.959452576250412234e-02
-7.304964000000000457e-01,1.696663999999999950e+00,2.149896000000000029e+00,4.809016041769866370e-03,0.000000000000000000e+00
-7.304964000000000457e-01,1.696663999999999950e+00,2.149896000000000029e+00,4.809016041769866370e-03,2.956973626883804482e-02
-7.306291999999999787e-01,1.696952999999999934e+00,2.149842000000000031e+00,4.608337579865490370e-03,1.035964538888344694e-01
-7.313034999999999952e-01,1.697438000000000002e+00,2.149001000000000161e+00,3.844916759827239627e-03,0.000000000000000000e+00
-7.313034999999999952e-01,1.697438000000000002e+00,2.149001000000000161e+00,3.844916759827239627e-03,4.129447957052578139e-02
-7.315110999999999697e-01,1.697650000000000103e+00,2.148635000000000073e+00,3.501858479436335738e-03,2.864655730375685258e-02
-7.315127999999999631e-01,1.697958000000000078e+00,2.148582000000000214e+00,3.424505622714093828e-03,0.000000000000000000e+00
-7.315127999999999631e-01,1.697958000000000078e+00,2.148582000000000214e+00,3.424505622714093828e-03,4.291449201790926288e-02
-7.313228000000000506e-01,1.698285000000000045e+00,2.148305999999999827e+00,3.526926673465080250e-03,9.131004505310835739e-02
-7.316515000000000102e-01,1.698627000000000109e+00,2.147429999999999950e+00,3.196874675366564913e-03,5.413365886100567764e-02
-7.313049000000000355e-01,1.698984999999999967e+00,2.147065000000000001e+00,3.427692658334500608e-03,0.000000000000000000e+00
-7.313049000000000355e-01,1.698984999999999967e+00,2.147065000000000001e+00,3.427692658334500608e-03,1.094685623621260012e-01
-7.313745000000000385e-01,1.699711999999999890e+00,2.146119999999999806e+00,3.217889681141904851e-03,0.000000000000000000e+00
-7.313745000000000385e-01,1.699711999999999890e+00,2.146119999999999806e+00,3.217889681141904851e-03,4.115446874289956786e-02
-7.315201999999999538e-01,1.700061000000000044e+00,2.145878000000000174e+00,3.159679396711047566e-03,2.812578502082467916e-02
-7.314049999999999718e-01,1.700201999999999991e+00,2.145630999999999844e+00,3.322688256517609962e-03,0.000000000000000000e+00
-7.314049999999999718e-01,1.700201999999999991e+00,2.145630999999999844e+00,3.322688256517609962e-03,1.122387183523991111e-01
-7.312547999999999826e-01,1.700614999999999988e+00,2.144607999999999848e+00,3.247526364789028990e-03,3.846038201164395098e-02
-7.311005999999999894e-01,1.700654000000000110e+00,2.144198999999999966e+00,3.328310569943915970e-03,0.000000000000000000e+00
-7.311005999999999894e-01,1.700654000000000110e+00,2.144198999999999966e+00,3.328310569943915970e-03,3.419930569914744756e-02
-7.310088000000000141e-01,1.700668999999999986e+00,2.143854999999999844e+00,3.396710186342077886e-03,1.248131462924786661e-01
-7.313275000000000192e-01,1.700939999999999896e+00,2.142494999999999816e+00,2.845215134220849609e-03,0.000000000000000000e+00
-7.313275000000000192e-01,1.700939999999999896e+00,2.142494999999999816e+00,2.845215134220849609e-03,3.244098630172288777e-02
-7.313074999999999992e-01,1.701014999999999944e+00,2.142166000000000015e+00,2.824493080182672970e-03,4.965594575670480293e-02
-7.312102000000000324e-01,1.701057999999999959e+00,2.141610000000000014e+00,2.905194590728752205e-03,0.000000000000000000e+00
-7.312102000000000324e-01,1.701057999999999959e+00,2.141610000000000014e+00,2.905194590728752205e-03,1.369928472169839595e-01
-7.315266000000000268e-01,1.701202000000000103e+00,2.140155000000000030e+00,2.265986586456291297e-03,3.517224196378104101e-02
-7.314526999999999557e-01,1.701041000000000025e+00,2.139815000000000023e+00,2.235961761748176974e-03,9.408504759732307099e-02
-7.314235999999999516e-01,1.700887000000000038e+00,2.138752999999999904e+00,2.150006113944823074e-03,8.111643242070909476e-02
-7.312716999999999690e-01,1.700949999999999962e+00,2.137843000000000160e+00,2.009787839549256362e-03,0.000000000000000000e+00
-7.312716999999999690e-01,1.700949999999999962e+00,2.137843000000000160e+00,2.009787839549256362e-03,3.787076753876005702e-02
-7.312421999999999533e-01,1.700959000000000110e+00,2.137411999999999868e+00,2.043516285719322763e-03,9.156042842974834728e-02
-7.314928000000000541e-01,1.700938000000000061e+00,2.136397999999999797e+00,1.664919844917319867e-03,0.000000000000000000e+00
-7.314928000000000541e-01,1.700938000000000061e+00,2.136397999999999797e+00,1.664919844917319867e-03,3.534779908676174282e-02
-7.314711000000000407e-01,1.700919000000000070e+00,2.135978000000000154e+00,1.525085571369703095e-03,3.698412368693024949e-02
-7.312707999999999986e-01,1.700685999999999920e+00,2.135746000000000144e+00,1.711391039476432363e-03,0.000000000000000000e+00
-7.312707999999999986e-01,1.700685999999999920e+00,2.135746000000000144e+00,1.711391039476432363e-03,3.557603864346182282e-02
-7.312659999999999716e-01,1.700661999999999896e+00,2.135323000000000082e+00,1.731495137157565466e-03,4.030269364646626301e-02
-7.313003999999999616e-01,1.700650999999999913e+00,2.134904999999999831e+00,1.810958113817277750e-03,4.704454029109562951e-02
-7.313532999999999840e-01,1.700674000000000019e+00,2.134395000000000042e+00,1.677839098364279158e-03,0.000000000000000000e+00
-7.313532999999999840e-01,1.700674000000000019e+00,2.134395000000000042e+00,1.677839098364279158e-03,5.135043312972818741e-02
-7.313243999999999856e-01,1.700823999999999891e+00,2.133856000000000197e+00,1.431140695389597267e-03,3.715945332493394287e-02
-7.309932999999999570e-01,1.700803000000000065e+00,2.134119999999999795e+00,1.813973549972468149e-03,7.070840315978686730e-02
-7.308902999999999928e-01,1.700882000000000005e+00,2.133322999999999858e+00,1.793298034349058130e-03,2.356730248052018792e-02
-7.306483000000000283e-01,1.700801999999999925e+00,2.133290999999999826e+00,2.049612900037512103e-03,0.000000000000000000e+00
-7.306483000000000283e-01,1.700801999999999925e+00,2.133290999999999826e+00,2.049612900037512103e-03,1.952001815726814860e+00
-7.402613000000000110e-01,1.707357000000000014e+00,2.114322000000000035e+00,1.164357225940568751e-02,5.463373385302275342e-02
-7.403450000000000308e-01,1.707343999999999973e+00,2.113732000000000166e+00,1.178855793767835322e-02,0.000000000000000000e+00
-7.403450000000000308e-01,1.707343999999999973e+00,2.113732000000000166e+00,1.178855793767835322e-02,5.231910929672239224e-02
-7.404281999999999808e-01,1.707330999999999932e+00,2.113141000000000158e+00,1.192243720427990303e-02,9.504907754553298949e-02
-7.402379999999999516e-01,1.707132000000000094e+00,2.112093000000000220e+00,1.185704605920031782e-02,0.000000000000000000e+00
-7.402379999999999516e-01,1.707132000000000094e+00,2.112093000000000220e+00,1.185704605920031782e-02,3.333513097740098408e-02
-7.401406999999999847e-01,1.707005000000000106e+00,2.111730000000000107e+00,1.177552451528165837e-02,9.211510062242751762e-02
-7.401683000000000012e-01,1.706701000000000024e+00,2.110819999999999919e+00,1.178857770258988531e-02,0.000000000000000000e+00
-7.401683000000000012e-01,1.706701000000000024e+00,2.110819999999999919e+00,1.178857770258988531e-02,5.096871769161747528e-02
-7.401223000000000107e-01,1.706638000000000099e+00,2.110218000000000149e+00,1.183137148643382403e-02,4.143346432986274447e-02
-7.399894999999999667e-01,1.706337999999999910e+00,2.109938000000000091e+00,1.166482925250074409e-02,9.254152282726652023e-02
-7.398069000000000450e-01,1.706258999999999970e+00,2.108900999999999915e+00,1.160304701533177926e-02,5.168741633105155414e-02
-7.395920999999999745e-01,1.706043999999999894e+00,2.108426000000000133e+00,1.140843692185730153e-02,0.000000000000000000e+00
-7.395920999999999745e-01,1.706043999999999894e+00,2.108426000000000133e+00,1.140843692185730153e-02,5.973822402933884335e-02
-7.396009000000000055e-01,1.705915999999999988e+00,2.107787000000000077e+00,1.151045835056095992e-02,7.766967190358274598e-02
-7.395933000000000090e-01,1.705727999999999911e+00,2.106920999999999822e+00,1.155568333115786044e-02,0.000000000000000000e+00
-7.395933000000000090e-01,1.705727999999999911e+00,2.106920999999999822e+00,1.155568333115786044e-02,4.351728034618107532e-02
-7.393577000000000066e-01,1.705975000000000019e+00,2.106590999999999880e+00,1.146607059153222780e-02,8.334710787773653984e-02
-7.388386999999999594e-01,1.705886999999999931e+00,2.105799000000000198e+00,1.111882869775396472e-02,0.000000000000000000e+00
-7.388386999999999594e-01,1.705886999999999931e+00,2.105799000000000198e+00,1.111882869775396472e-02,4.197028159033721478e-02
-7.387890999999999764e-01,1.705920000000000103e+00,2.105344999999999800e+00,1.116770138434942765e-02,2.621901276253833096e-02
-7.387078000000000255e-01,1.705953000000000053e+00,2.105058999999999791e+00,1.113446590726294670e-02,2.285762093709878262e-02
-7.386886999999999759e-01,1.705939000000000094e+00,2.104821999999999971e+00,1.114227721293989566e-02,0.000000000000000000e+00
-7.386886999999999759e-01,1.705939000000000094e+00,2.104821999999999971e+00,1.114227721293989566e-02,3.545485722612889273e-02
-7.384994000000000280e-01,1.706040999999999919e+00,2.104458999999999858e+00,1.106319162628939014e-02,4.481002111432789287e-02
-7.381611000000000145e-01,1.705786000000000024e+00,2.104214999999999947e+00,1.070682364709533638e-02,3.727402997062085471e-02
-7.379012000000000349e-01,1.705564000000000080e+00,2.103994000000000142e+00,1.043872584370332535e-02,6.117875053489352927e-02
-7.372908999999999713e-01,1.705448000000000075e+00,2.103676999999999797e+00,9.926865739497043456e-03,0.000000000000000000e+00
-7.372908999999999713e-01,1.705448000000000075e+00,2.103676999999999797e+00,9.926865739497043456e-03,8.985421294121147262e-02
-7.367363000000000106e-01,1.705125000000000002e+00,2.102936000000000138e+00,9.387959474241397428e-03,3.597086128395861337e-02
-7.366458999999999646e-01,1.704849000000000059e+00,2.102646000000000015e+00,9.253708932638783288e-03,0.000000000000000000e+00
-7.366458999999999646e-01,1.704849000000000059e+00,2.102646000000000015e+00,9.253708932638783288e-03,3.405243113981641645e-02
-7.364123000000000197e-01,1.704782000000000020e+00,2.102364999999999817e+00,9.070875629728383099e-03,1.123073862540153040e-01
-7.356700999999999935e-01,1.704215999999999953e+00,2.101487000000000105e+00,8.383328265671086479e-03,0.000000000000000000e+00
-7.356700999999999935e-01,1.704215999999999953e+00,2.101487000000000105e+00,8.383328265671086479e-03,7.733914326372100245e-02
-7.351672999999999680e-01,1.703977999999999993e+00,2.100905000000000022e+00,7.907698128406241700e-03,1.547843891123505955e-01
-7.340955999999999593e-01,1.703394999999999992e+00,2.099628000000000050e+00,7.000664917705960028e-03,0.000000000000000000e+00
-7.340955999999999593e-01,1.703394999999999992e+00,2.099628000000000050e+00,7.000664917705960028e-03,6.685097850192252278e-02
-7.336614000000000191e-01,1.703308999999999962e+00,2.099091000000000040e+00,6.626681719382606153e-03,6.775778074829442998e-02
-7.331990999999999925e-01,1.703068000000000026e+00,2.098475000000000090e+00,6.253514902836591026e-03,0.000000000000000000e+00
-7.331990999999999925e-01,1.703068000000000026e+00,2.098475000000000090e+00,6.253514902836591026e-03,1.481960696610916672e-01
-7.323817999999999717e-01,1.702715999999999896e+00,2.097212999999999994e+00,5.601671597835755634e-03,6.835111833400057957e-02
-7.321134000000000253e-01,1.702547000000000033e+00,2.096464000000000105e+00,5.467621154579087143e-03,1.100696831788957747e-01
-7.318036999999999459e-01,1.702155000000000085e+00,2.095371999999999790e+00,5.248768008780785137e-03,5.735306522813694158e-02
-7.317394999999999872e-01,1.702053000000000038e+00,2.094758000000000120e+00,5.267475411428185553e-03,0.000000000000000000e+00
-7.317394999999999872e-01,1.702053000000000038e+00,2.094758000000000120e+00,5.267475411428185553e-03,4.131229639115654995e-02
-7.315032000000000201e-01,1.701932000000000000e+00,2.094368999999999925e+00,5.124215526302675593e-03,1.027586053046842252e-01
-7.314538999999999902e-01,1.701700999999999908e+00,2.093271999999999800e+00,5.189552759149826389e-03,0.000000000000000000e+00
-7.314538999999999902e-01,1.701700999999999908e+00,2.093271999999999800e+00,5.189552759149826389e-03,3.434395253153784550e-02
-7.314003000000000032e-01,1.701462000000000030e+00,2.092988000000000071e+00,5.116155161837822492e-03,4.566397699806004629e-02
-7.313397000000000370e-01,1.701327999999999951e+00,2.092512000000000150e+00,5.136958532049855190e-03,9.057657281179604114e-02
-7.313673000000000535e-01,1.701248000000000093e+00,2.091482000000000063e+00,5.356275968431869171e-03,0.000000000000000000e+00
-7.313673000000000535e-01,1.701248000000000093e+00,2.091482000000000063e+00,5.356275968431869171e-03,4.149770707884072041e-02
-7.313532999999999840e-01,1.701279999999999903e+00,2.091051000000000215e+00,5.402384589234573119e-03,6.924506703244262540e-02
-7.310364000000000306e-01,1.701459999999999972e+00,2.090349999999999930e+00,5.322123501009772516e-03,0.000000000000000000e+00
-7.310364000000000306e-01,1.701459999999999972e+00,2.090349999999999930e+00,5.322123501009772516e-03,3.440836351694302048e-02
-7.309476999999999780e-01,1.701578999999999953e+00,2.090024000000000104e+00,5.387797268828826112e-03,2.488171274671176561e-02
-7.306835999999999887e-01,1.701670999999999934e+00,2.089926000000000172e+00,5.229580713594454526e-03,4.007578297260657590e-02
-7.304494000000000264e-01,1.701683999999999974e+00,2.089580999999999911e+00,5.116411657597564472e-03,4.136496440775058736e-02
-7.300453000000000081e-01,1.701648000000000049e+00,2.089338999999999835e+00,4.766915413556283010e-03,0.000000000000000000e+00
-7.300453000000000081e-01,1.701648000000000049e+00,2.089338999999999835e+00,4.766915413556283010e-03,8.399962563524392134e-02
-7.296983999999999693e-01,1.701300000000000034e+00,2.088665999999999912e+00,4.426746350311907587e-03,5.877993633260748113e-02
-7.293627000000000304e-01,1.701009999999999911e+00,2.088163000000000213e+00,4.187234127678868094e-03,0.000000000000000000e+00
-7.293627000000000304e-01,1.701009999999999911e+00,2.088163000000000213e+00,4.187234127678868094e-03,6.400997409605439781e-02
-7.290275000000000505e-01,1.700649000000000077e+00,2.087667999999999857e+00,3.860744758463115385e-03,1.170895130099076226e-01
-7.285317999999999516e-01,1.700044000000000111e+00,2.086657999999999902e+00,3.346602755033790868e-03,0.000000000000000000e+00
-7.285317999999999516e-01,1.700044000000000111e+00,2.086657999999999902e+00,3.346602755033790868e-03,7.878847127630680958e-02
-7.283393999999999702e-01,1.699654999999999916e+00,2.085916000000000103e+00,3.290719562648826077e-03,8.398575902639661417e-02
-7.282785999999999982e-01,1.699011000000000049e+00,2.085208999999999868e+00,3.060412717265442121e-03,0.000000000000000000e+00
-7.282785999999999982e-01,1.699011000000000049e+00,2.085208999999999868e+00,3.060412717265442121e-03,1.615007556835413305e-01
-7.276677999999999757e-01,1.698002000000000011e+00,2.083899999999999864e+00,2.605233711205196499e-03,9.847528849517633853e-02
-7.275257000000000529e-01,1.697289000000000048e+00,2.083108999999999877e+00,2.553914963345572595e-03,1.646332993047374960e-01
-7.272214999999999652e-01,1.696082000000000090e+00,2.081593999999999944e+00,2.622017332131770795e-03,9.738118651600882747e-02
-7.271031999999999496e-01,1.695472000000000090e+00,2.080792999999999893e+00,2.952274081110930863e-03,0.000000000000000000e+00
-7.271031999999999496e-01,1.695472000000000090e+00,2.080792999999999893e+00,2.952274081110930863e-03,7.634985131561818072e-02
-7.269706999999999697e-01,1.694960999999999940e+00,2.080099999999999838e+00,2.889015922420632050e-03,1.357814772571044881e-01
-7.268772000000000011e-01,1.694236999999999993e+00,2.078810999999999964e+00,3.232301848528378561e-03,0.000000000000000000e+00
-7.268772000000000011e-01,1.694236999999999993e+00,2.078810999999999964e+00,3.232301848528378561e-03,5.566913297779817194e-02
-7.265040999999999860e-01,1.693996999999999975e+00,2.078319000000000027e+00,2.938701701432091824e-03,1.789940308440016170e-01
-7.251296000000000408e-01,1.693435999999999941e+00,2.077189999999999870e+00,2.472605500276950623e-03,5.808736002924049652e-02
-7.244673000000000362e-01,1.693429000000000073e+00,2.077214000000000116e+00,2.265564346912263532e-03,0.000000000000000000e+00
-7.244673000000000362e-01,1.693429000000000073e+00,2.077214000000000116e+00,2.265564346912263532e-03,5.347891469720451180e-02
-7.239579999999999904e-01,1.693156000000000105e+00,2.077017999999999809e+00,2.316443834846632424e-03,1.260104207253446573e-01
-7.231368999999999714e-01,1.693229000000000095e+00,2.075995999999999952e+00,2.073601863907244790e-03,0.000000000000000000e+00
-7.231368999999999714e-01,1.693229000000000095e+00,2.075995999999999952e+00,2.073601863907244790e-03,6.973537820572625612e-02
-7.226249999999999618e-01,1.693362999999999952e+00,2.075498000000000065e+00,2.229184433823319655e-03,6.105054871790790982e-02
-7.222191999999999501e-01,1.693348999999999993e+00,2.074931999999999999e+00,2.148522145568926636e-03,1.079479273171608661e-01
-7.220628000000000046e-01,1.693732000000000015e+00,2.073773000000000089e+00,1.784705367840874876e-03,5.583480050492063002e-02
-7.219012000000000207e-01,1.693999000000000033e+00,2.073281999999999847e+00,1.934137277961470299e-03,0.000000000000000000e+00
-7.219012000000000207e-01,1.693999000000000033e+00,2.073281999999999847e+00,1.934137277961470299e-03,1.157354150837413276e-01
-7.217886000000000024e-01,1.694449000000000094e+00,2.071984000000000048e+00,1.881506300813294867e-03,6.510697542445167962e-02
-7.216160000000000352e-01,1.694406000000000079e+00,2.071330000000000116e+00,2.078445813582757967e-03,0.000000000000000000e+00
-7.216160000000000352e-01,1.694406000000000079e+00,2.071330000000000116e+00,2.078445813582757967e-03,5.678665265927694550e-02
-7.215221000000000551e-01,1.694334999999999924e+00,2.070663999999999838e+00,2.385961946469332406e-03,1.469410519035904972e-01
-7.216922999999999533e-01,1.694314000000000098e+00,2.069144000000000094e+00,2.262147210064058538e-03,0.000000000000000000e+00
-7.216922999999999533e-01,1.694314000000000098e+00,2.069144000000000094e+00,2.262147210064058538e-03,5.565734232812032112e-02
-7.217080999999999635e-01,1.694220999999999977e+00,2.068515999999999799e+00,2.477299626609800586e-03,1.519024828578876551e-01
-7.221303000000000027e-01,1.694091999999999931e+00,2.066996000000000056e+00,2.457122780814828978e-03,0.000000000000000000e+00
-7.221303000000000027e-01,1.694091999999999931e+00,2.066996000000000056e+00,2.457122780814828978e-03,4.979272216426184478e-02
-7.220659000000000383e-01,1.693915000000000060e+00,2.066460000000000186e+00,2.600284492127572650e-03,6.829547037737258852e-02
-7.220604000000000466e-01,1.693702000000000041e+00,2.065745999999999860e+00,2.669933049722468098e-03,0.000000000000000000e+00
-7.220604000000000466e-01,1.693702000000000041e+00,2.065745999999999860e+00,2.669933049722468098e-03,1.847474598107923527e-01
-7.216763000000000483e-01,1.692849000000000048e+00,2.063857000000000053e+00,2.747667709167132648e-03,0.000000000000000000e+00
-7.216763000000000483e-01,1.692849000000000048e+00,2.063857000000000053e+00,2.747667709167132648e-03,6.470504452946203300e-02
-7.213962000000000430e-01,1.692523000000000000e+00,2.063296999999999937e+00,2.669622334713244501e-03,1.135308721529717790e-01
-7.208451999999999638e-01,1.691986999999999908e+00,2.062186000000000075e+00,3.028339130612701761e-03,0.000000000000000000e+00
-7.208451999999999638e-01,1.691986999999999908e+00,2.062186000000000075e+00,3.028339130612701761e-03,6.708219086468919512e-02
-7.205333999999999905e-01,1.691610999999999976e+00,2.061640999999999835e+00,2.942801388133527585e-03,1.040254443158015601e-01
-7.199379999999999669e-01,1.690925000000000011e+00,2.060799999999999965e+00,3.185103020312025825e-03,7.232266014460025927e-02
-7.197175000000000100e-01,1.690439999999999943e+00,2.060267000000000071e+00,3.131681618555705229e-03,0.000000000000000000e+00
-7.197175000000000100e-01,1.690439999999999943e+00,2.060267000000000071e+00,3.131681618555705229e-03,4.633590739900572686e-02
-7.196088000000000484e-01,1.690079000000000109e+00,2.059864000000000139e+00,3.034166312185262483e-03,1.156151108572675557e-01
-7.192836000000000229e-01,1.689381000000000022e+00,2.058939000000000075e+00,3.283349229064762894e-03,0.000000000000000000e+00
-7.192836000000000229e-01,1.689381000000000022e+00,2.058939000000000075e+00,3.283349229064762894e-03,3.768345884657997580e-02
-7.192471000000000281e-01,1.689046999999999965e+00,2.058641999999999861e+00,3.094369598157265498e-03,8.592266329409781189e-02
-7.192191999999999474e-01,1.688501000000000030e+00,2.057932999999999790e+00,2.917421807007193179e-03,0.000000000000000000e+00
-7.192191999999999474e-01,1.688501000000000030e+00,2.057932999999999790e+00,2.917421807007193179e-03,8.651785674452508457e-02
-7.191532000000000480e-01,1.687842000000000064e+00,2.057088999999999945e+00,2.929833867303714701e-03,0.000000000000000000e+00
-7.191532000000000480e-01,1.687842000000000064e+00,2.057088999999999945e+00,2.929833867303714701e-03,9.695658505685779416e-02
-7.187942999999999971e-01,1.687254000000000032e+00,2.056284999999999918e+00,3.011471427724350235e-03,3.953822144041670844e-02
-7.186247999999999525e-01,1.686959000000000097e+00,2.055959999999999788e+00,3.158482991880870623e-03,0.000000000000000000e+00
-7.186247999999999525e-01,1.686959000000000097e+00,2.055959999999999788e+00,3.158482991880870623e-03,3.879364033659073868e-02
-7.184795999999999960e-01,1.686696999999999891e+00,2.055661000000000183e+00,3.337626625313209854e-03,4.863104747730498389e-02
-7.184513000000000149e-01,1.686380999999999908e+00,2.055177000000000032e+00,3.199873803761607832e-03,0.000000000000000000e+00
-7.184513000000000149e-01,1.686380999999999908e+00,2.055177000000000032e+00,3.199873803761607832e-03,3.086703039173298302e-02
-7.183743000000000212e-01,1.686201000000000061e+00,2.054902999999999924e+00,3.200377440240439499e-03,7.229851361711940594e-02
-7.180824000000000096e-01,1.685710999999999959e+00,2.054307000000000105e+00,3.430057324593808240e-03,0.000000000000000000e+00
-7.180824000000000096e-01,1.685710999999999959e+00,2.054307000000000105e+00,3.430057324593808240e-03,2.917584070510552754e-02
-7.180172999999999695e-01,1.685567000000000037e+00,2.054014000000000006e+00,3.536928350984790224e-03,2.803072238868983476e-02
-7.178782999999999692e-01,1.685372000000000092e+00,2.053802000000000127e+00,3.650470310795701084e-03,0.000000000000000000e+00
-7.178782999999999692e-01,1.685372000000000092e+00,2.053802000000000127e+00,3.650470310795701084e-03,5.970415030332980322e-02
-7.175183000000000533e-01,1.685078999999999994e+00,2.053345000000000198e+00,3.847911315246236967e-03,3.784355324289833539e-02
-7.173443000000000458e-01,1.684881000000000073e+00,2.053002999999999911e+00,3.967493149332470756e-03,7.124430737006344494e-02
-7.172574999999999923e-01,1.684625999999999957e+00,2.052312000000000136e+00,4.083294381991116155e-03,4.410661688214016080e-02
-7.170872999999999831e-01,1.684417000000000053e+00,2.051886999999999794e+00,4.245294478596279945e-03,0.000000000000000000e+00
-7.170872999999999831e-01,1.684417000000000053e+00,2.051886999999999794e+00,4.245294478596279945e-03,4.348770952220649272e-02
-7.169571000000000138e-01,1.684258999999999951e+00,2.051458999999999921e+00,4.280022758117017594e-03,9.309631111204372256e-02
-7.167025000000000201e-01,1.683801000000000103e+00,2.050534999999999997e+00,4.481868102699967417e-03,4.527261179937070584e-02
-7.168516999999999806e-01,1.683612000000000108e+00,2.050078000000000067e+00,4.408106197677114438e-03,0.000000000000000000e+00
-7.168516999999999806e-01,1.683612000000000108e+00,2.050078000000000067e+00,4.408106197677114438e-03,5.388814605792643930e-02
-7.167896999999999741e-01,1.683273000000000019e+00,2.049601000000000006e+00,4.314687544886618674e-03,9.130509923742075040e-02
-7.164633000000000251e-01,1.682620999999999922e+00,2.048792999999999864e+00,4.535576837624905565e-03,0.000000000000000000e+00
-7.164633000000000251e-01,1.682620999999999922e+00,2.048792999999999864e+00,4.535576837624905565e-03,6.005987528861801011e-02
-7.164116000000000373e-01,1.682226999999999917e+00,2.048271999999999871e+00,4.588234650712625338e-03,1.242889626280346410e-01
-7.167603999999999642e-01,1.681264000000000092e+00,2.047204999999999941e+00,4.034695191709105656e-03,0.000000000000000000e+00
-7.167603999999999642e-01,1.681264000000000092e+00,2.047204999999999941e+00,4.034695191709105656e-03,6.603742649108863827e-02
-7.168778999999999568e-01,1.680805000000000105e+00,2.046705999999999914e+00,3.960623007810889010e-03,6.232446732685491264e-02
-7.171503999999999657e-01,1.680290999999999979e+00,2.046246000000000009e+00,3.508684847631739732e-03,1.311133366161773561e-01
-7.178687999999999736e-01,1.679561999999999999e+00,2.045341000000000076e+00,2.784353037960540789e-03,5.159664100215661381e-02
-7.182433999999999763e-01,1.679214999999999902e+00,2.045047999999999977e+00,2.474808123875503821e-03,0.000000000000000000e+00
-7.182433999999999763e-01,1.679214999999999902e+00,2.045047999999999977e+00,2.474808123875503821e-03,1.559850217405440720e-01
-7.191446000000000227e-01,1.678401000000000032e+00,2.044089000000000045e+00,1.298599588017821391e-03,6.150130734968548701e-02
-7.195473000000000008e-01,1.678012000000000059e+00,2.043665999999999983e+00,1.123687394251633026e-03,0.000000000000000000e+00
-7.195473000000000008e-01,1.678012000000000059e+00,2.043665999999999983e+00,1.123687394251633026e-03,5.840652771113805791e-02
-7.198738999999999555e-01,1.677558000000000105e+00,2.043426000000000187e+00,1.061060808813887998e-03,6.769165873395759092e-02
-7.200741999999999976e-01,1.677067000000000085e+00,2.042911999999999839e+00,4.247649349934658983e-04,0.000000000000000000e+00
-7.200741999999999976e-01,1.677067000000000085e+00,2.042911999999999839e+00,4.247649349934658983e-04,3.627271143456873431e-02
-7.202908999999999562e-01,1.676908999999999983e+00,2.042621000000000020e+00,2.264681876114660634e-04,3.628562778256396587e-02
-7.201170999999999545e-01,1.676658999999999899e+00,2.042368000000000183e+00,5.315717825467926620e-04,0.000000000000000000e+00
-7.201170999999999545e-01,1.676658999999999899e+00,2.042368000000000183e+00,5.315717825467926620e-04,5.543887388066968264e-02
-7.197826000000000501e-01,1.676512000000000002e+00,2.041885999999999868e+00,1.040135188328863113e-03,2.899301587089285134e-02
-7.195485000000000353e-01,1.676426999999999889e+00,2.041691000000000145e+00,1.177717708111819181e-03,5.803603160689401602e-02
-7.191138000000000252e-01,1.676155000000000062e+00,2.041272000000000197e+00,1.165294422023946050e-03,3.989087556491971442e-02
-7.188811000000000506e-01,1.675961000000000034e+00,2.040988000000000024e+00,1.292955822911128275e-03,0.000000000000000000e+00
-7.188811000000000506e-01,1.675961000000000034e+00,2.040988000000000024e+00,1.292955822911128275e-03,2.963425400199562118e-02
-7.186827999999999550e-01,1.675802000000000014e+00,2.040764999999999940e+00,1.485340866602678864e-03,5.937449788964280911e-02
-7.188265000000000349e-01,1.675475999999999965e+00,2.040223999999999815e+00,1.531394462573225758e-03,4.571483680582393017e-02
-7.186998999999999471e-01,1.675216999999999956e+00,2.039817000000000213e+00,1.622869298495913841e-03,0.000000000000000000e+00
-7.186998999999999471e-01,1.675216999999999956e+00,2.039817000000000213e+00,1.622869298495913841e-03,9.332767617887623157e-02
-7.188084000000000140e-01,1.674668999999999963e+00,2.039020999999999972e+00,1.257968525043436613e-03,5.036589393671925263e-02
-7.188343999999999845e-01,1.674361999999999906e+00,2.038565999999999878e+00,1.383754895203647382e-03,0.000000000000000000e+00
-7.188343999999999845e-01,1.674361999999999906e+00,2.038565999999999878e+00,1.383754895203647382e-03,4.701973078373893750e-02
-7.189301999999999637e-01,1.674037999999999915e+00,2.038180000000000103e+00,1.440842239802808808e-03,9.563523365125223274e-02
-7.192180000000000240e-01,1.673424000000000023e+00,2.037386999999999837e+00,7.762170057400118173e-04,0.000000000000000000e+00
-7.192180000000000240e-01,1.673424000000000023e+00,2.037386999999999837e+00,7.762170057400118173e-04,6.376051622941349140e-02
-7.196154999999999635e-01,1.673208999999999946e+00,2.036900000000000155e+00,7.543467969042936703e-04,4.162854509443518480e-02
-7.198219000000000145e-01,1.673000999999999960e+00,2.036553000000000058e+00,1.054621832696374904e-03,7.187500364484210313e-02
-7.199845000000000272e-01,1.672447000000000017e+00,2.035921000000000092e+00,6.450966129192959968e-04,5.799589781367959357e-02
-7.199507000000000545e-01,1.672015999999999947e+00,2.035458999999999907e+00,5.606041384078808880e-04,0.000000000000000000e+00
-7.199507000000000545e-01,1.672015999999999947e+00,2.035458999999999907e+00,5.606041384078808880e-04,8.511166301129549638e-02
-7.198318999999999690e-01,1.671443000000000012e+00,2.034683999999999937e+00,1.060980796244646819e-03,4.852753061553202046e-02
-7.198989000000000082e-01,1.671157000000000004e+00,2.034273000000000220e+00,7.516190857076216923e-04,0.000000000000000000e+00
-7.198989000000000082e-01,1.671157000000000004e+00,2.034273000000000220e+00,7.516190857076216923e-04,3.651609414672958576e-02
-7.198767999999999834e-01,1.670913000000000093e+00,2.033936000000000188e+00,6.702030737022710320e-04,7.580014177372576545e-02
-7.202444000000000068e-01,1.670554000000000094e+00,2.033288000000000206e+00,1.210643217467348562e-03,0.000000000000000000e+00
-7.202444000000000068e-01,1.670554000000000094e+00,2.033288000000000206e+00,1.210643217467348562e-03,4.071247560961994277e-02
-7.203228000000000408e-01,1.670304000000000011e+00,2.032880000000000020e+00,1.456474661640290652e-03,1.085386185616605825e-01
-7.207033999999999940e-01,1.669650000000000079e+00,2.032113999999999976e+00,1.412123705629350027e-03,0.000000000000000000e+00
-7.207033999999999940e-01,1.669650000000000079e+00,2.032113999999999976e+00,1.412123705629350027e-03,2.698168084580508663e-02
-7.207048000000000343e-01,1.669389000000000012e+00,2.031927000000000039e+00,1.423996362355003063e-03,4.468703412009432385e-02
-7.206955000000000444e-01,1.669140999999999986e+00,2.031533000000000033e+00,1.653676888028721929e-03,0.000000000000000000e+00
-7.206955000000000444e-01,1.669140999999999986e+00,2.031533000000000033e+00,1.653676888028721929e-03,1.124208900693226820e-01
-7.204270000000000396e-01,1.668331999999999926e+00,2.030498999999999832e+00,1.373008798223828396e-03,0.000000000000000000e+00
-7.204270000000000396e-01,1.668331999999999926e+00,2.030498999999999832e+00,1.373008798223828396e-03,3.000410523191297807e-02
-7.203967999999999483e-01,1.668115999999999932e+00,2.030275000000000052e+00,1.394616449063859880e-03,4.557467549366192583e-02
-7.205656000000000283e-01,1.667809000000000097e+00,2.029860999999999915e+00,1.731344275411432054e-03,2.228491610332443418e-02
-7.207086000000000325e-01,1.667661999999999978e+00,2.029729999999999812e+00,1.906617423606576456e-03,0.000000000000000000e+00
-7.207086000000000325e-01,1.667661999999999978e+00,2.029729999999999812e+00,1.906617423606576456e-03,5.094611184658191100e-02
-7.211908999999999681e-01,1.667391999999999985e+00,2.029549999999999965e+00,2.122029747670780425e-03,2.701685782899529084e-02
-7.214595999999999787e-01,1.667475000000000041e+00,2.029552999999999940e+00,2.386179381354193874e-03,0.000000000000000000e+00
-7.214595999999999787e-01,1.667475000000000041e+00,2.029552999999999940e+00,2.386179381354193874e-03,2.558452534268034623e-02
-7.216822999999999988e-01,1.667424999999999935e+00,2.029370999999999814e+00,2.564136581775574176e-03,6.338528050849995266e-02
-7.222465999999999609e-01,1.667343000000000020e+00,2.029039000000000037e+00,3.079086202105977763e-03,0.000000000000000000e+00
-7.222465999999999609e-01,1.667343000000000020e+00,2.029039000000000037e+00,3.079086202105977763e-03,2.043773866679487322e-02
-7.224654999999999827e-01,1.667423000000000100e+00,2.029030999999999807e+00,3.307480190416875639e-03,8.050342224313596085e-02
-7.231655000000000166e-01,1.667950999999999961e+00,2.029081999999999830e+00,4.142568069446752287e-03,0.000000000000000000e+00
-7.231655000000000166e-01,1.667950999999999961e+00,2.029081999999999830e+00,4.142568069446752287e-03,7.529978482118850069e-02
-7.240155000000000340e-01,1.668163000000000062e+00,2.029274000000000022e+00,4.896690230145202792e-03,0.000000000000000000e+00
-7.240155000000000340e-01,1.668163000000000062e+00,2.029274000000000022e+00,4.896690230145202792e-03,7.394476372852348822e-02
-7.247862999999999944e-01,1.668021999999999894e+00,2.029469000000000189e+00,5.524548315473249739e-03,3.900487820800316308e-02
-7.252309000000000117e-01,1.667888999999999955e+00,2.029459999999999820e+00,5.939331316739271914e-03,0.000000000000000000e+00
-7.252309000000000117e-01,1.667888999999999955e+00,2.029459999999999820e+00,5.939331316739271914e-03,4.451681924959649539e-02
-7.256314999999999849e-01,1.667626000000000053e+00,2.029539000000000204e+00,6.291560220644651716e-03,9.275667636340934052e-02
-7.264340000000000241e-01,1.666946000000000039e+00,2.029421999999999837e+00,6.973675011068409570e-03,0.000000000000000000e+00
-7.264340000000000241e-01,1.666946000000000039e+00,2.029421999999999837e+00,6.973675011068409570e-03,4.925626821826882551e-02
-7.267310999999999632e-01,1.666469999999999896e+00,2.029389999999999805e+00,7.229859396281436423e-03,8.140058379416509338e-02
-7.270054999999999712e-01,1.665586000000000011e+00,2.029456000000000149e+00,7.509143174157682440e-03,0.000000000000000000e+00
-7.270054999999999712e-01,1.665586000000000011e+00,2.029456000000000149e+00,7.509143174157682440e-03,3.541943821246516799e-02
-7.272866000000000053e-01,1.665297999999999945e+00,2.029492999999999991e+00,7.812393797038115137e-03,3.795126212897346335e-02
-7.270874999999999977e-01,1.664919000000000038e+00,2.029427999999999788e+00,7.666013475725140004e-03,0.000000000000000000e+00
-7.270874999999999977e-01,1.664919000000000038e+00,2.029427999999999788e+00,7.666013475725140004e-03,1.030943191361336497e-01
-7.267109999999999959e-01,1.663805999999999896e+00,2.029075000000000184e+00,7.334350406818554435e-03,6.768579691347309524e-02
-7.265437000000000145e-01,1.663186000000000053e+00,2.028646000000000171e+00,7.228010653008143209e-03,9.817986215785021176e-02
-7.266211999999999671e-01,1.662271000000000054e+00,2.028195000000000192e+00,7.379521670813096908e-03,4.944116352180635138e-02
-7.264310999999999963e-01,1.661853000000000025e+00,2.027912000000000159e+00,7.203406011047857813e-03,4.593950429884530867e-02
-7.261971999999999872e-01,1.661431000000000102e+00,2.027654000000000067e+00,7.025980607004248327e-03,0.000000000000000000e+00
-7.261971999999999872e-01,1.661431000000000102e+00,2.027654000000000067e+00,7.025980607004248327e-03,8.736826844479374243e-02
-7.259316000000000102e-01,1.660703000000000040e+00,2.027099000000000206e+00,6.825174594836484580e-03,5.874400300737642883e-02
-7.253977999999999815e-01,1.660373000000000099e+00,2.026968999999999799e+00,6.333236999355025716e-03,0.000000000000000000e+00
-7.253977999999999815e-01,1.660373000000000099e+00,2.026968999999999799e+00,6.333236999355025716e-03,4.112758620690980249e-02
-7.250967000000000384e-01,1.660110999999999892e+00,2.026764000000000010e+00,6.052722144622312353e-03,7.917217053425985862e-02
-7.247192999999999552e-01,1.659437999999999969e+00,2.026222000000000190e+00,5.795490336459937532e-03,0.000000000000000000e+00
-7.247192999999999552e-01,1.659437999999999969e+00,2.026222000000000190e+00,5.795490336459937532e-03,3.980945774197619524e-02
-7.244696999999999942e-01,1.659172000000000091e+00,2.025952000000000197e+00,5.551729900670580690e-03,9.428993823571515942e-02
-7.239794999999999980e-01,1.658644000000000007e+00,2.025152999999999981e+00,4.955146275338331678e-03,0.000000000000000000e+00
-7.239794999999999980e-01,1.658644000000000007e+00,2.025152999999999981e+00,4.955146275338331678e-03,7.433485898458513930e-02
-7.232028999999999819e-01,1.658381000000000105e+00,2.024935999999999847e+00,4.275570517486379507e-03,6.144219592852054324e-02
-7.228333999999999593e-01,1.658131000000000022e+00,2.024395999999999862e+00,3.952170289853312868e-03,1.110179047385203704e-01
-7.221166999999999447e-01,1.657566000000000095e+00,2.023597999999999786e+00,3.074146782442165569e-03,8.722129236817058318e-02
-7.219820000000000126e-01,1.657192999999999916e+00,2.022733000000000114e+00,2.885622256983890778e-03,0.000000000000000000e+00
-7.219820000000000126e-01,1.657192999999999916e+00,2.022733000000000114e+00,2.885622256983890778e-03,8.981562776568746687e-02
-7.219609999999999639e-01,1.656517999999999935e+00,2.022022999999999904e+00,2.755065561833317401e-03,4.560672050402705957e-02
-7.218478000000000394e-01,1.656204000000000010e+00,2.021653999999999840e+00,2.598665097699221112e-03,0.000000000000000000e+00
-7.218478000000000394e-01,1.656204000000000010e+00,2.021653999999999840e+00,2.598665097699221112e-03,5.754863332364146267e-02
-7.214850999999999903e-01,1.656001999999999974e+00,2.021183000000000174e+00,2.254669190812680704e-03,1.190279453335692933e-01
-7.209305999999999770e-01,1.655081999999999942e+00,2.020351999999999926e+00,1.651403778607753864e-03,0.000000000000000000e+00
-7.209305999999999770e-01,1.655081999999999942e+00,2.020351999999999926e+00,1.651403778607753864e-03,5.525049083794364435e-02
-7.210218999999999934e-01,1.654674999999999896e+00,2.019956000000000085e+00,1.714476961058378213e-03,4.356726348594912313e-02
-7.207561000000000107e-01,1.654382999999999937e+00,2.019654000000000060e+00,1.576303869816924035e-03,0.000000000000000000e+00
-7.207561000000000107e-01,1.654382999999999937e+00,2.019654000000000060e+00,1.576303869816924035e-03,1.417858104663137775e-01
-7.200824999999999587e-01,1.653416999999999915e+00,2.018885000000000041e+00,8.024710835911991972e-04,5.139444944429764212e-02
-7.198908000000000529e-01,1.652973999999999943e+00,2.018552000000000124e+00,7.172135037770210409e-04,0.000000000000000000e+00
-7.198908000000000529e-01,1.652973999999999943e+00,2.018552000000000124e+00,7.172135037770210409e-04,2.072639896499416656e-01
-7.192085000000000283e-01,1.651267999999999958e+00,2.017417000000000016e+00,6.551268884726263236e-04,6.999300837492297700e-02
-7.191281000000000478e-01,1.650652999999999926e+00,2.016915000000000013e+00,1.206241389606391243e-03,0.000000000000000000e+00
-7.191281000000000478e-01,1.650652999999999926e+00,2.016915000000000013e+00,1.206241389606391243e-03,1.354946457940092441e-01
-7.194057000000000368e-01,1.649472999999999967e+00,2.016068999999999889e+00,6.841396714122013932e-04,7.278377000635199989e-02
-7.195133999999999697e-01,1.648878999999999984e+00,2.015552000000000010e+00,1.012143887992051055e-03,0.000000000000000000e+00
-7.195133999999999697e-01,1.648878999999999984e+00,2.015552000000000010e+00,1.012143887992051055e-03,1.326370651006925916e-01
-7.196211999999999609e-01,1.647696000000000049e+00,2.014721000000000206e+00,7.240698101702566563e-04,5.324688414417638044e-02
-7.196803000000000505e-01,1.647176999999999891e+00,2.014467999999999925e+00,1.141222590032249734e-03,0.000000000000000000e+00
-7.196803000000000505e-01,1.647176999999999891e+00,2.014467999999999925e+00,1.141222590032249734e-03,5.438560129044461844e-02
-7.197261000000000353e-01,1.646695000000000020e+00,2.014124999999999943e+00,6.901295820351387731e-04,1.051404944929814345e-01
-7.197215999999999614e-01,1.645645999999999942e+00,2.013542999999999861e+00,1.043102051574979709e-03,0.000000000000000000e+00
-7.197215999999999614e-01,1.645645999999999942e+00,2.013542999999999861e+00,1.043102051574979709e-03,5.052129344039498621e-02
-7.196669999999999456e-01,1.645194999999999963e+00,2.013278000000000123e+00,1.055369603503938892e-03,4.397335273533276717e-02
-7.195622999999999880e-01,1.644776999999999934e+00,2.013021000000000171e+00,7.922628919747074861e-04,0.000000000000000000e+00
-7.195622999999999880e-01,1.644776999999999934e+00,2.013021000000000171e+00,7.922628919747074861e-04,1.146064208317578853e-01
-7.196831999999999674e-01,1.643853000000000009e+00,2.012275999999999954e+00,1.075563591797279233e-03,0.000000000000000000e+00
-7.196831999999999674e-01,1.643853000000000009e+00,2.012275999999999954e+00,1.075563591797279233e-03,5.471075060192281264e-02
-7.198324000000000389e-01,1.643262999999999918e+00,2.012137000000000064e+00,1.040661467529078836e-03,3.220552676855114455e-02
-7.198993999999999671e-01,1.642932000000000059e+00,2.012039999999999829e+00,9.687698849568576525e-04,0.000000000000000000e+00
-7.198993999999999671e-01,1.642932000000000059e+00,2.012039999999999829e+00,9.687698849568576525e-04,3.083822117050468575e-02
-7.200482000000000271e-01,1.642635000000000067e+00,2.011924000000000046e+00,1.002521944896829758e-03,5.857897962358361160e-02
-7.205327000000000259e-01,1.642239000000000004e+00,2.011794000000000082e+00,1.358056331674013188e-03,0.000000000000000000e+00
-7.205327000000000259e-01,1.642239000000000004e+00,2.011794000000000082e+00,1.358056331674013188e-03,3.710363736594356893e-02
-7.207322000000000450e-01,1.641933000000000087e+00,2.011579999999999924e+00,1.605511211421331401e-03,5.420001364247497427e-02
-7.211746999999999463e-01,1.641564000000000023e+00,2.011446999999999985e+00,1.944760604804697014e-03,0.000000000000000000e+00
-7.211746999999999463e-01,1.641564000000000023e+00,2.011446999999999985e+00,1.944760604804697014e-03,3.518696152915647135e-02
-7.214087999999999612e-01,1.641258000000000106e+00,2.011283000000000154e+00,1.985770631266555938e-03,2.237094678574257089e-02
-7.215483000000000313e-01,1.641076999999999897e+00,2.011236999999999941e+00,2.081628749321201306e-03,0.000000000000000000e+00
-7.215483000000000313e-01,1.641076999999999897e+00,2.011236999999999941e+00,2.081628749321201306e-03,5.047254132861631742e-02
-7.212937000000000376e-01,1.640533000000000019e+00,2.011236999999999941e+00,2.044966994843811121e-03,8.313381829192555139e-02
-7.206116000000000188e-01,1.640006000000000075e+00,2.011150999999999911e+00,1.928915975360314013e-03,0.000000000000000000e+00
-7.206116000000000188e-01,1.640006000000000075e+00,2.011150999999999911e+00,1.928915975360314013e-03,6.216800663259933885e-02
-7.201071000000000000e-01,1.639516999999999891e+00,2.011057999999999790e+00,2.153659650455610856e-03,2.658363643964782239e-02
-7.201680999999999777e-01,1.639269000000000087e+00,2.010920000000000041e+00,2.068134736906669484e-03,0.000000000000000000e+00
-7.201680999999999777e-01,1.639269000000000087e+00,2.010920000000000041e+00,2.068134736906669484e-03,4.868788071547951180e-02
-7.199750000000000316e-01,1.638791000000000109e+00,2.010712999999999973e+00,1.993163856786409668e-03,4.635563824287908946e-02
-7.195877999999999997e-01,1.638489000000000084e+00,2.010591999999999935e+00,2.074053220146383509e-03,0.000000000000000000e+00
-7.195877999999999997e-01,1.638489000000000084e+00,2.010591999999999935e+00,2.074053220146383509e-03,4.174006287283325151e-02
-7.193985000000000518e-01,1.638176999999999994e+00,2.010285999999999795e+00,2.078722109854849471e-03,8.151546922479874224e-02
-7.190343999999999625e-01,1.637510000000000021e+00,2.009824000000000055e+00,2.327688991253138232e-03,0.000000000000000000e+00
-7.190343999999999625e-01,1.637510000000000021e+00,2.009824000000000055e+00,2.327688991253138232e-03,5.968824482781111274e-02
-7.187529000000000279e-01,1.637092999999999909e+00,2.009364999999999846e+00,2.206055504741475781e-03,8.343099410555977757e-02
-7.183589999999999698e-01,1.636446999999999985e+00,2.008859000000000172e+00,2.465365968776435553e-03,0.000000000000000000e+00
-7.183589999999999698e-01,1.636446999999999985e+00,2.008859000000000172e+00,2.465365968776435553e-03,3.689225043704432577e-02
-7.182771999999999490e-01,1.636087999999999987e+00,2.008655000000000079e+00,2.655795880710861302e-03,5.216359275549509872e-02
-7.179231999999999836e-01,1.635734999999999939e+00,2.008443000000000200e+00,2.930110789714344792e-03,8.332508450619408036e-02
-7.175791000000000253e-01,1.635040000000000049e+00,2.007893000000000150e+00,3.087447212504194471e-03,4.084544691718201836e-02
-7.175492999999999455e-01,1.634678000000000075e+00,2.007601000000000191e+00,3.143485869222306661e-03,0.000000000000000000e+00
-7.175492999999999455e-01,1.634678000000000075e+00,2.007601000000000191e+00,3.143485869222306661e-03,4.349480902580762226e-02
-7.175230999999999693e-01,1.634260999999999964e+00,2.007334000000000174e+00,3.293977518138284464e-03,6.428815169707650934e-02
-7.175407000000000313e-01,1.633580000000000032e+00,2.007061999999999902e+00,3.250296300339359894e-03,0.000000000000000000e+00
-7.175407000000000313e-01,1.633580000000000032e+00,2.007061999999999902e+00,3.250296300339359894e-03,4.022468192664113013e-02
-7.175700999999999885e-01,1.633173999999999904e+00,2.006850000000000023e+00,3.229886474785198958e-03,6.302012586260662130e-02
-7.176951999999999776e-01,1.632613000000000092e+00,2.006419000000000175e+00,3.203680460033420628e-03,0.000000000000000000e+00
-7.176951999999999776e-01,1.632613000000000092e+00,2.006419000000000175e+00,3.203680460033420628e-03,4.479584511000313934e-02
-7.178461999999999898e-01,1.632274000000000003e+00,2.006101000000000134e+00,3.104064110162699838e-03,4.473391780242154392e-02
-7.178649999999999753e-01,1.631955000000000044e+00,2.005703000000000014e+00,2.946153295400617128e-03,0.000000000000000000e+00
-7.178649999999999753e-01,1.631955000000000044e+00,2.005703000000000014e+00,2.946153295400617128e-03,7.136999938334077920e-02
-7.180132999999999655e-01,1.631456999999999935e+00,2.005075999999999858e+00,2.753971134561874687e-03,2.608863245797953673e-02
-7.182011999999999841e-01,1.631205999999999934e+00,2.004869999999999930e+00,2.641044111710372233e-03,9.429456722989888739e-02
-7.186514999999999986e-01,1.630794999999999995e+00,2.004520999999999997e+00,2.346374863486317200e-03,5.151119246646564814e-02
-7.189166999999999641e-01,1.630609999999999893e+00,2.004125999999999852e+00,1.969017836384488133e-03,2.148990746547283989e-02
-7.190528000000000475e-01,1.630447999999999897e+00,2.004024999999999945e+00,1.802402144361799899e-03,0.000000000000000000e+00
-7.190528000000000475e-01,1.630447999999999897e+00,2.004024999999999945e+00,1.802402144361799899e-03,3.294699959043431714e-02
-7.189020999999999884e-01,1.630125999999999964e+00,2.003972000000000087e+00,1.949380660620280824e-03,1.172389788307810765e-02
-7.189037999999999817e-01,1.629998000000000058e+00,2.003969999999999807e+00,1.963127120183581244e-03,0.000000000000000000e+00
-7.189037999999999817e-01,1.629998000000000058e+00,2.003969999999999807e+00,1.963127120183581244e-03,2.643653083968754147e-02
-7.188010000000000232e-01,1.629742999999999942e+00,2.003986999999999963e+00,2.118089764386844268e-03,2.504288494993471559e-02
-7.186420000000000030e-01,1.629510000000000014e+00,2.004030999999999896e+00,2.342885667291589452e-03,0.000000000000000000e+00
-7.186420000000000030e-01,1.629510000000000014e+00,2.004030999999999896e+00,2.342885667291589452e-03,4.791030321760143124e-02
-7.182214000000000098e-01,1.629202000000000039e+00,2.004068999999999878e+00,2.848146311199680359e-03,7.006430180822705023e-02
-7.176552000000000486e-01,1.628689999999999971e+00,2.004109000000000140e+00,3.578175497373005907e-03,0.000000000000000000e+00
-7.176552000000000486e-01,1.628689999999999971e+00,2.004109000000000140e+00,3.578175497373005907e-03,2.150925086206941644e-02
-7.177040999999999560e-01,1.628463999999999912e+00,2.004068999999999878e+00,3.528756132123559569e-03,5.056876456567145628e-02
-7.172587000000000268e-01,1.628138000000000085e+00,2.004052000000000167e+00,3.955683536381509290e-03,0.000000000000000000e+00
-7.172587000000000268e-01,1.628138000000000085e+00,2.004052000000000167e+00,3.955683536381509290e-03,1.395114424730460878e-01
-7.164241999999999555e-01,1.626899000000000095e+00,2.003753000000000117e+00,4.924529448586924957e-03,0.000000000000000000e+00
-7.164241999999999555e-01,1.626899000000000095e+00,2.003753000000000117e+00,4.924529448586924957e-03,6.623395908494704443e-02
-7.163621999999999490e-01,1.626130999999999993e+00,2.003587000000000007e+00,5.143509911529235874e-03,3.670054739536735000e-02
-7.163614999999999844e-01,1.625750999999999946e+00,2.003544000000000214e+00,5.172120864790370059e-03,0.000000000000000000e+00
-7.163614999999999844e-01,1.625750999999999946e+00,2.003544000000000214e+00,5.172120864790370059e-03,2.756901255307381976e-02
-7.164074999999999749e-01,1.625455000000000094e+00,2.003448000000000118e+00,5.152515952425517666e-03,8.838248977903034875e-02
-7.164353999999999445e-01,1.624541000000000013e+00,2.003141999999999978e+00,5.313804890095199032e-03,0.000000000000000000e+00
-7.164353999999999445e-01,1.624541000000000013e+00,2.003141999999999978e+00,5.313804890095199032e-03,4.366203732320577541e-02
-7.164597999999999800e-01,1.624103999999999992e+00,2.002953999999999901e+00,5.343709630022857975e-03,9.314077110797383541e-02
-7.166152000000000077e-01,1.623183000000000042e+00,2.002447000000000088e+00,5.213006645880999788e-03,0.000000000000000000e+00
-7.166152000000000077e-01,1.623183000000000042e+00,2.002447000000000088e+00,5.213006645880999788e-03,6.167085513058925828e-02
-7.168499999999999872e-01,1.622565000000000035e+00,2.002206000000000152e+00,5.146749693738746079e-03,4.876276223158610562e-02
-7.168795999999999502e-01,1.622076000000000073e+00,2.002073000000000214e+00,5.164076629950445189e-03,0.000000000000000000e+00
-7.168795999999999502e-01,1.622076000000000073e+00,2.002073000000000214e+00,5.164076629950445189e-03,1.336997654416293979e-01
-7.176432999999999840e-01,1.620762000000000036e+00,2.001940999999999971e+00,4.757866564963651734e-03,1.486989786661090662e-01
-7.182349999999999568e-01,1.619348999999999927e+00,2.001406999999999936e+00,4.378818333751718569e-03,0.000000000000000000e+00
-7.182349999999999568e-01,1.619348999999999927e+00,2.001406999999999936e+00,4.378818333751718569e-03,1.371547556419036307e-01
-7.187824000000000435e-01,1.617982000000000031e+00,2.000703000000000120e+00,4.017028066867320453e-03,9.262099294770226310e-02
-7.193197999999999537e-01,1.617256000000000027e+00,2.000249999999999861e+00,3.579138529031750202e-03,0.000000000000000000e+00
-7.193197999999999537e-01,1.617256000000000027e+00,2.000249999999999861e+00,3.579138529031750202e-03,1.895919871101673093e-01
-7.204943000000000319e-01,1.615623000000000031e+00,1.999454000000000065e+00,2.709107077987163697e-03,7.542549828078184970e-02
-7.209735000000000449e-01,1.614981000000000000e+00,1.999265999999999988e+00,2.652288528799216262e-03,0.000000000000000000e+00
-7.209735000000000449e-01,1.614981000000000000e+00,1.999265999999999988e+00,2.652288528799216262e-03,7.491557424297698442e-02
-7.214348000000000427e-01,1.614333000000000018e+00,1.999077999999999911e+00,2.251049213144689590e-03,1.304898139710524985e-01
-7.222589999999999844e-01,1.613166000000000100e+00,1.998658999999999963e+00,2.160187204850395372e-03,0.000000000000000000e+00
-7.222589999999999844e-01,1.613166000000000100e+00,1.998658999999999963e+00,2.160187204850395372e-03,6.749649879305556766e-02
-7.227291999999999605e-01,1.612586000000000075e+00,1.998472999999999944e+00,1.846979090298525496e-03,5.488073662749890641e-02
-7.230320000000000080e-01,1.612114000000000047e+00,1.998361000000000054e+00,1.822948754079573106e-03,0.000000000000000000e+00
-7.230320000000000080e-01,1.612114000000000047e+00,1.998361000000000054e+00,1.822948754079573106e-03,1.165175773742718884e-01
-7.237481999999999527e-01,1.611029000000000044e+00,1.998083000000000053e+00,2.078980721411442540e-03,0.000000000000000000e+00
-7.237481999999999527e-01,1.611029000000000044e+00,1.998083000000000053e+00,2.078980721411442540e-03,6.679376936684601473e-02
-7.240328999999999793e-01,1.610379000000000005e+00,1.997805000000000053e+00,1.917992765888420700e-03,3.537433160211468641e-02
-7.242250000000000076e-01,1.610077999999999898e+00,1.997714999999999907e+00,1.998944261353973080e-03,0.000000000000000000e+00
-7.242250000000000076e-01,1.610077999999999898e+00,1.997714999999999907e+00,1.998944261353973080e-03,3.887392326855745872e-02
-7.245072999999999652e-01,1.609771000000000063e+00,1.997563999999999895e+00,2.143594320294671396e-03,7.085110487330061046e-02
-7.251374999999999904e-01,1.609350000000000058e+00,1.997411999999999965e+00,2.470188486735423999e-03,0.000000000000000000e+00
-7.251374999999999904e-01,1.609350000000000058e+00,1.997411999999999965e+00,2.470188486735423999e-03,4.297620088955080714e-02
-7.255452000000000012e-01,1.609094000000000024e+00,1.997320999999999902e+00,2.615057224995262497e-03,7.742716818398120981e-02
-7.258715999999999502e-01,1.608343999999999996e+00,1.997109999999999941e+00,2.740720286712914570e-03,0.000000000000000000e+00
-7.258715999999999502e-01,1.608343999999999996e+00,1.997109999999999941e+00,2.740720286712914570e-03,5.577148439233211435e-02
-7.260777999999999954e-01,1.607860000000000067e+00,1.996752000000000082e+00,2.837293430366350910e-03,5.678955482230065716e-02
-7.265019000000000338e-01,1.607477999999999962e+00,1.996510999999999925e+00,2.988508539388706840e-03,0.000000000000000000e+00
-7.265019000000000338e-01,1.607477999999999962e+00,1.996510999999999925e+00,2.988508539388706840e-03,1.015395253614652799e-01
-7.270048000000000066e-01,1.606522000000000006e+00,1.996094999999999953e+00,3.168155198218569352e-03,9.172489786130914868e-02
-7.271794999999999787e-01,1.605593999999999966e+00,1.995760999999999896e+00,3.177932832833237336e-03,0.000000000000000000e+00
-7.271794999999999787e-01,1.605593999999999966e+00,1.995760999999999896e+00,3.177932832833237336e-03,8.448030717858952265e-02
-7.270092999999999694e-01,1.604729999999999990e+00,1.995368999999999948e+00,2.755894593412419949e-03,3.466103629312262263e-02
-7.272077000000000124e-01,1.604424999999999990e+00,1.995265999999999984e+00,2.928141603474833897e-03,0.000000000000000000e+00
-7.272077000000000124e-01,1.604424999999999990e+00,1.995265999999999984e+00,2.928141603474833897e-03,7.579388555552014906e-02
-7.268552999999999820e-01,1.603661000000000003e+00,1.995066000000000006e+00,2.536385280275874499e-03,3.054302176107275696e-02
-7.266289999999999694e-01,1.603421999999999903e+00,1.995117999999999947e+00,2.309592604768161833e-03,0.000000000000000000e+00
-7.266289999999999694e-01,1.603421999999999903e+00,1.995117999999999947e+00,2.309592604768161833e-03,3.838915188759223218e-02
-7.264313999999999494e-01,1.603064000000000044e+00,1.994960999999999984e+00,1.985882060949232218e-03,7.309737537672642005e-02
-7.261741000000000446e-01,1.602328999999999892e+00,1.994788999999999923e+00,1.713646757648783648e-03,0.000000000000000000e+00
-7.261741000000000446e-01,1.602328999999999892e+00,1.994788999999999923e+00,1.713646757648783648e-03,4.771294343086345674e-02
-7.259512000000000187e-01,1.601836999999999955e+00,1.994614000000000109e+00,1.660870928157996695e-03,1.124312751265929416e-01
-7.256124000000000462e-01,1.600832000000000033e+00,1.994118999999999975e+00,8.725578720062151074e-04,0.000000000000000000e+00
-7.256124000000000462e-01,1.600832000000000033e+00,1.994118999999999975e+00,8.725578720062151074e-04,5.239329964952339769e-02
-7.255468000000000472e-01,1.600268000000000024e+00,1.993932000000000038e+00,8.255855134387804148e-04,4.852516880529378351e-02
-7.254758000000000040e-01,1.599769999999999914e+00,1.993767000000000067e+00,1.094799086590808775e-03,8.175084130428890428e-02
-7.255007999999999457e-01,1.598859000000000030e+00,1.993571999999999900e+00,6.945780661666428601e-04,4.380023547220437269e-02
-7.255532999999999566e-01,1.598402000000000100e+00,1.993441000000000018e+00,6.272180163227421192e-04,0.000000000000000000e+00
-7.255532999999999566e-01,1.598402000000000100e+00,1.993441000000000018e+00,6.272180163227421192e-04,4.414420939444857472e-02
-7.256169000000000091e-01,1.597908000000000106e+00,1.993365999999999971e+00,9.321357411877449197e-04,1.042860941594674073e-01
-7.258135999999999477e-01,1.596791000000000071e+00,1.993276000000000048e+00,8.206652423492615802e-04,0.000000000000000000e+00
-7.258135999999999477e-01,1.596791000000000071e+00,1.993276000000000048e+00,8.206652423492615802e-04,6.069582413974307367e-02
-7.259324000000000332e-01,1.596154999999999990e+00,1.993135000000000101e+00,8.364418688708089022e-04,1.060170337455241807e-01
-7.261471999999999927e-01,1.595042000000000071e+00,1.992904999999999927e+00,9.380049306906179836e-04,0.000000000000000000e+00
-7.261471999999999927e-01,1.595042000000000071e+00,1.992904999999999927e+00,9.380049306906179836e-04,1.159039487532978335e-01
-7.263323999999999891e-01,1.593866999999999923e+00,1.992475999999999914e+00,8.659846938600878567e-04,0.000000000000000000e+00
-7.263323999999999891e-01,1.593866999999999923e+00,1.992475999999999914e+00,8.659846938600878567e-04,1.241385887867660909e-01
-7.266257000000000410e-01,1.592608000000000024e+00,1.992072000000000065e+00,4.110313978274661353e-04,5.931950843099245696e-02
-7.265913000000000510e-01,1.591947999999999919e+00,1.991926000000000085e+00,7.438200387191096956e-04,0.000000000000000000e+00
-7.265913000000000510e-01,1.591947999999999919e+00,1.991926000000000085e+00,7.438200387191096956e-04,1.251770614833322137e-01
-7.267164999999999875e-01,1.590696000000000110e+00,1.991395000000000026e+00,6.680464729343530772e-04,5.401115871890503628e-02
-7.269398999999999722e-01,1.590140000000000109e+00,1.991251000000000104e+00,6.359556666937295254e-04,0.000000000000000000e+00
-7.269398999999999722e-01,1.590140000000000109e+00,1.991251000000000104e+00,6.359556666937295254e-04,6.028388654166588756e-02
-7.271518999999999622e-01,1.589534999999999920e+00,1.991103999999999985e+00,1.107758100850613370e-03,9.883073929790633927e-02
-7.276808999999999639e-01,1.588524000000000047e+00,1.990815000000000001e+00,4.047562352823921329e-04,0.000000000000000000e+00
-7.276808999999999639e-01,1.588524000000000047e+00,1.990815000000000001e+00,4.047562352823921329e-04,6.430589982838266772e-02
-7.279396000000000200e-01,1.587906999999999957e+00,1.990777999999999937e+00,7.403561575349767738e-04,5.831273420194196117e-02
-7.284000000000000474e-01,1.587442999999999937e+00,1.990656999999999899e+00,1.018060553208930156e-03,0.000000000000000000e+00
-7.284000000000000474e-01,1.587442999999999937e+00,1.990656999999999899e+00,1.018060553208930156e-03,1.201505249641816320e-01
-7.292159000000000280e-01,1.586359999999999992e+00,1.990455000000000085e+00,1.023636283061457380e-03,5.886197307678957269e-02
-7.297337000000000407e-01,1.585933999999999955e+00,1.990429000000000004e+00,1.594158712299372513e-03,1.264503218846566579e-01
-7.308698000000000139e-01,1.585202000000000000e+00,1.990151999999999921e+00,2.266886386654649779e-03,6.064858931018690669e-02
-7.314184000000000241e-01,1.584831000000000101e+00,1.990148999999999946e+00,2.692627454736399098e-03,0.000000000000000000e+00
-7.314184000000000241e-01,1.584831000000000101e+00,1.990148999999999946e+00,2.692627454736399098e-03,5.745615595784948904e-02
-7.319132999999999889e-01,1.584411000000000014e+00,1.990056999999999965e+00,3.164647885626430297e-03,9.120086183441811212e-02
-7.325361000000000233e-01,1.583644999999999969e+00,1.989932999999999952e+00,3.499013233755998969e-03,0.000000000000000000e+00
-7.325361000000000233e-01,1.583644999999999969e+00,1.989932999999999952e+00,3.499013233755998969e-03,4.273808121320185616e-02
-7.328278999999999765e-01,1.583282999999999996e+00,1.989967999999999959e+00,3.656276889131809382e-03,9.708148389426755898e-02
-7.334716000000000014e-01,1.582441999999999904e+00,1.989981000000000000e+00,4.177380011442525382e-03,3.613863766333898914e-02
-7.336673999999999696e-01,1.582122000000000028e+00,1.990191999999999961e+00,4.211628373919066096e-03,0.000000000000000000e+00
-7.336673999999999696e-01,1.582122000000000028e+00,1.990191999999999961e+00,4.211628373919066096e-03,4.126673362035402498e-02
-7.338896000000000308e-01,1.581730999999999998e+00,1.990213000000000010e+00,4.268963508862601980e-03,5.828968704118080851e-02
-7.341064999999999952e-01,1.581107000000000040e+00,1.990135999999999905e+00,4.324300346876977334e-03,0.000000000000000000e+00
-7.341064999999999952e-01,1.581107000000000040e+00,1.990135999999999905e+00,4.324300346876977334e-03,4.326251330242503884e-02
-7.340569000000000122e-01,1.580616000000000021e+00,1.990147000000000110e+00,4.213785496439075885e-03,3.862665485773241619e-02
-7.343030000000000390e-01,1.580281999999999965e+00,1.990072999999999981e+00,4.386513751260793029e-03,7.446106722088040308e-02
-7.342423999999999618e-01,1.579434999999999922e+00,1.990099999999999980e+00,4.012964391818018943e-03,4.208639716459781910e-02
-7.338540999999999537e-01,1.579190000000000094e+00,1.990105000000000013e+00,3.573330636814857787e-03,0.000000000000000000e+00
-7.338540999999999537e-01,1.579190000000000094e+00,1.990105000000000013e+00,3.573330636814857787e-03,7.839514142486272985e-02
-7.335646000000000111e-01,1.578462000000000032e+00,1.989675000000000082e+00,3.228457044781573096e-03,3.858367360970724885e-02
-7.336511999999999478e-01,1.578094000000000108e+00,1.989489000000000063e+00,3.347368705416213595e-03,0.000000000000000000e+00
-7.336511999999999478e-01,1.578094000000000108e+00,1.989489000000000063e+00,3.347368705416213595e-03,5.402213676561436889e-02
-7.334876000000000174e-01,1.577580999999999900e+00,1.989189000000000096e+00,3.040764313457971872e-03,7.895542736197920519e-02
-7.333357000000000347e-01,1.576823000000000086e+00,1.988809000000000049e+00,2.824943539258830197e-03,0.000000000000000000e+00
-7.333357000000000347e-01,1.576823000000000086e+00,1.988809000000000049e+00,2.824943539258830197e-03,4.010197594664380999e-02
-7.332746999999999460e-01,1.576405000000000056e+00,1.988587000000000105e+00,2.839466675275411668e-03,9.935152532446686613e-02
-7.330337000000000103e-01,1.575485000000000024e+00,1.988178000000000001e+00,2.807393632891579463e-03,0.000000000000000000e+00
-7.330337000000000103e-01,1.575485000000000024e+00,1.988178000000000001e+00,2.807393632891579463e-03,4.932430082658590537e-02
-7.330147999999999664e-01,1.574996999999999980e+00,1.987951999999999941e+00,2.787624436684459257e-03,5.458083907922659656e-02
-7.327862000000000542e-01,1.574488000000000110e+00,1.987743999999999955e+00,2.750658422996345425e-03,0.000000000000000000e+00
-7.327862000000000542e-01,1.574488000000000110e+00,1.987743999999999955e+00,2.750658422996345425e-03,1.728748219759018434e-01
-7.326108999999999538e-01,1.572710999999999970e+00,1.986906000000000061e+00,3.335330719733721038e-03,0.000000000000000000e+00
-7.326108999999999538e-01,1.572710999999999970e+00,1.986906000000000061e+00,3.335330719733721038e-03,5.619530833539098519e-02
-7.325331999999999955e-01,1.572132000000000085e+00,1.986720000000000041e+00,3.465723699315882526e-03,1.227788414678741696e-01
-7.326831999999999789e-01,1.570753999999999984e+00,1.986517000000000088e+00,3.711516656300948690e-03,5.180410545079622980e-02
-7.327093999999999552e-01,1.570197999999999983e+00,1.986418999999999935e+00,3.759396149649635917e-03,0.000000000000000000e+00
-7.327093999999999552e-01,1.570197999999999983e+00,1.986418999999999935e+00,3.759396149649635917e-03,1.097800225830029425e-01
-7.329001000000000543e-01,1.569034000000000040e+00,1.986210999999999949e+00,4.124152150442600070e-03,6.514076164094846633e-02
-7.330103000000000035e-01,1.568332999999999977e+00,1.986172000000000049e+00,4.075805029684357456e-03,0.000000000000000000e+00
-7.330103000000000035e-01,1.568332999999999977e+00,1.986172000000000049e+00,4.075805029684357456e-03,5.504799019465474869e-02
-7.331208999999999643e-01,1.567714999999999970e+00,1.986191000000000040e+00,4.064503049574487437e-03,1.024689562832184209e-01
-7.332317999999999891e-01,1.566613999999999951e+00,1.986356999999999928e+00,4.053928435480851945e-03,0.000000000000000000e+00
-7.332317999999999891e-01,1.566613999999999951e+00,1.986356999999999928e+00,4.053928435480851945e-03,4.479960646574668304e-02
-7.333591000000000415e-01,1.566127000000000047e+00,1.986445999999999934e+00,3.912612938945052125e-03,9.327884463316288288e-02
-7.338092000000000503e-01,1.565282000000000062e+00,1.986790999999999974e+00,3.620148477618010795e-03,0.000000000000000000e+00
-7.338092000000000503e-01,1.565282000000000062e+00,1.986790999999999974e+00,3.620148477618010795e-03,9.221430510802887393e-02
-7.342663000000000384e-01,1.564403999999999906e+00,1.987144999999999939e+00,3.318741793210275726e-03,0.000000000000000000e+00
-7.342663000000000384e-01,1.564403999999999906e+00,1.987144999999999939e+00,3.318741793210275726e-03,1.044693110018042048e-01
-7.349493999999999749e-01,1.563479999999999981e+00,1.987462000000000062e+00,3.055875416308694980e-03,6.258490433627329763e-02
-7.353591999999999906e-01,1.562948999999999922e+00,1.987706999999999891e+00,3.010268308639620343e-03,0.000000000000000000e+00
-7.353591999999999906e-01,1.562948999999999922e+00,1.987706999999999891e+00,3.010268308639620343e-03,6.943350502695784521e-02
-7.357618999999999687e-01,1.562340000000000062e+00,1.987908999999999926e+00,2.741972494391575494e-03,1.383590899888273162e-01
-7.369375000000000231e-01,1.561601999999999935e+00,1.988661000000000012e+00,2.620184917138446146e-03,0.000000000000000000e+00
-7.369375000000000231e-01,1.561601999999999935e+00,1.988661000000000012e+00,2.620184917138446146e-03,5.007213353116989063e-02
-7.372661000000000353e-01,1.561366999999999949e+00,1.989065000000000083e+00,2.544438934224916606e-03,1.152859651976838457e-01
-7.379655999999999993e-01,1.560821000000000014e+00,1.989873000000000003e+00,2.384152897781498508e-03,0.000000000000000000e+00
-7.379655999999999993e-01,1.560821000000000014e+00,1.989873000000000003e+00,2.384152897781498508e-03,5.316140712383224387e-02
-7.384441000000000477e-01,1.560564999999999980e+00,1.990143999999999913e+00,2.678785861169238284e-03,3.952980446651636892e-02
-7.384427000000000074e-01,1.560148000000000090e+00,1.990253999999999968e+00,2.609128645735966489e-03,0.000000000000000000e+00
-7.384427000000000074e-01,1.560148000000000090e+00,1.990253999999999968e+00,2.609128645735966489e-03,7.892736939530466123e-02
-7.387099000000000304e-01,1.559382000000000046e+00,1.990644999999999998e+00,2.533833854063859223e-03,3.895707877637340222e-02
-7.388014999999999999e-01,1.558980999999999950e+00,1.990752000000000077e+00,2.424329796046681938e-03,6.472706133082320457e-02
-7.387215999999999783e-01,1.558359999999999967e+00,1.991079999999999961e+00,2.179162153213894809e-03,4.594290266688107888e-02
-7.385994999999999644e-01,1.558009999999999895e+00,1.991449999999999942e+00,2.091043175068328219e-03,3.892849435743334086e-02
-7.385726000000000235e-01,1.557579999999999965e+00,1.991557999999999939e+00,2.014033127830762177e-03,0.000000000000000000e+00
-7.385726000000000235e-01,1.557579999999999965e+00,1.991557999999999939e+00,2.014033127830762177e-03,9.191797829462861058e-02
-7.386490999999999474e-01,1.556659999999999933e+00,1.991951999999999945e+00,1.670746566658065603e-03,4.263912359097626198e-02
-7.387074999999999614e-01,1.556197000000000052e+00,1.992088000000000081e+00,1.692173953823938827e-03,0.000000000000000000e+00
-7.387074999999999614e-01,1.556197000000000052e+00,1.992088000000000081e+00,1.692173953823938827e-03,5.819308237859269206e-02
-7.389596000000000497e-01,1.555620999999999921e+00,1.992175999999999947e+00,1.926857431155710662e-03,8.437057686054902361e-02
-7.387968999999999786e-01,1.554723000000000077e+00,1.992296000000000067e+00,1.301349380451047874e-03,0.000000000000000000e+00
-7.387968999999999786e-01,1.554723000000000077e+00,1.992296000000000067e+00,1.301349380451047874e-03,5.670055795283077821e-02
-7.387958000000000025e-01,1.554076999999999931e+00,1.992261000000000060e+00,1.127840786636225088e-03,9.747633351855901351e-02
-7.386487000000000469e-01,1.553025000000000100e+00,1.992210000000000036e+00,9.582579193515862979e-04,0.000000000000000000e+00
-7.386487000000000469e-01,1.553025000000000100e+00,1.992210000000000036e+00,9.582579193515862979e-04,4.796576103329081020e-02
-7.385597000000000412e-01,1.552484999999999893e+00,1.992210000000000036e+00,5.278538055180130801e-04,5.114728526435750183e-02
-7.385270999999999919e-01,1.551933000000000007e+00,1.992134999999999989e+00,4.123536831410311168e-04,9.179611243463822734e-02
-7.383916000000000368e-01,1.550956999999999919e+00,1.991956000000000060e+00,1.235021947173541848e-03,7.503499707445639155e-02
-7.384159999999999613e-01,1.550308999999999937e+00,1.991397000000000084e+00,1.255952642419312041e-03,0.000000000000000000e+00
-7.384159999999999613e-01,1.550308999999999937e+00,1.991397000000000084e+00,1.255952642419312041e-03,1.359634980903887957e-01
-7.382935999999999943e-01,1.549047000000000063e+00,1.990768000000000093e+00,2.119890742467640029e-03,6.655843051648140107e-02
-7.384366999999999459e-01,1.548362000000000016e+00,1.990472999999999937e+00,2.673106479360818147e-03,0.000000000000000000e+00
-7.384366999999999459e-01,1.548362000000000016e+00,1.990472999999999937e+00,2.673106479360818147e-03,6.694922971693532954e-02
-7.385673999999999850e-01,1.547701999999999911e+00,1.990186999999999928e+00,2.883775180210899035e-03,1.039736745973737359e-01
-7.391100000000000447e-01,1.546693000000000096e+00,1.989883000000000068e+00,3.245448660817058361e-03,0.000000000000000000e+00
-7.391100000000000447e-01,1.546693000000000096e+00,1.989883000000000068e+00,3.245448660817058361e-03,5.276261374404248722e-02
-7.393939000000000483e-01,1.546165999999999929e+00,1.989819000000000004e+00,3.472500483801297094e-03,4.007593649122040413e-02
-7.396869999999999834e-01,1.545816000000000079e+00,1.989837000000000078e+00,3.372123959761838020e-03,0.000000000000000000e+00
-7.396869999999999834e-01,1.545816000000000079e+00,1.989837000000000078e+00,3.372123959761838020e-03,8.460043504657767388e-02
-7.403442999999999552e-01,1.545110999999999901e+00,1.989784999999999915e+00,3.424058453064315020e-03,3.499225886125291451e-02
-7.403908000000000156e-01,1.544734999999999969e+00,1.989910999999999985e+00,3.455517825160288586e-03,1.023902631097662747e-01
-7.411666000000000087e-01,1.544011000000000022e+00,1.990259999999999918e+00,3.182252361143141431e-03,6.617559417828793034e-02
-7.414581999999999562e-01,1.543371999999999966e+00,1.990426999999999946e+00,3.129631238660729106e-03,5.296779501163852155e-02
-7.417401999999999607e-01,1.542856000000000005e+00,1.990653999999999924e+00,3.127364367962441865e-03,0.000000000000000000e+00
-7.417401999999999607e-01,1.542856000000000005e+00,1.990653999999999924e+00,3.127364367962441865e-03,1.201022121864872977e-01
-7.424454999999999805e-01,1.541927000000000048e+00,1.991251000000000104e+00,2.652537208033067286e-03,4.378001356830822643e-02
-7.425903999999999838e-01,1.541522000000000059e+00,1.991505000000000081e+00,2.532264498428219487e-03,0.000000000000000000e+00
-7.425903999999999838e-01,1.541522000000000059e+00,1.991505000000000081e+00,2.532264498428219487e-03,4.809578373352859509e-02
-7.426270999999999844e-01,1.541131000000000029e+00,1.991853000000000096e+00,2.412174695166145570e-03,7.064156730819594332e-02
-7.426078000000000401e-01,1.540486000000000022e+00,1.992336000000000107e+00,2.112075351401801037e-03,0.000000000000000000e+00
-7.426078000000000401e-01,1.540486000000000022e+00,1.992336000000000107e+00,2.112075351401801037e-03,4.124144798364541564e-02
-7.425857000000000152e-01,1.540067999999999993e+00,1.992550999999999961e+00,1.982481868769491156e-03,8.311130718686486618e-02
-7.427354000000000456e-01,1.539218999999999893e+00,1.992831999999999937e+00,2.102899923914668383e-03,0.000000000000000000e+00
-7.427354000000000456e-01,1.539218999999999893e+00,1.992831999999999937e+00,2.102899923914668383e-03,5.329200418649589210e-02
-7.426336000000000048e-01,1.538634000000000057e+00,1.992963000000000040e+00,2.386821535012528112e-03,4.034202502219076669e-02
-7.424555000000000460e-01,1.538265999999999911e+00,1.993125999999999953e+00,2.413830236367078743e-03,6.683461226821484080e-02
-7.423429000000000277e-01,1.537549000000000055e+00,1.993360000000000021e+00,2.564447942540414721e-03,2.676744442412216582e-02
-7.423159999999999759e-01,1.537328000000000028e+00,1.993549000000000015e+00,2.586795654859521884e-03,0.000000000000000000e+00
-7.423159999999999759e-01,1.537328000000000028e+00,1.993549000000000015e+00,2.586795654859521884e-03,7.017529454081920803e-02
-7.427540000000000253e-01,1.536906000000000105e+00,1.994013999999999953e+00,2.382107126054559213e-03,3.572271233608284580e-02
-7.430069000000000257e-01,1.536693000000000087e+00,1.994221000000000021e+00,2.238865849040499404e-03,0.000000000000000000e+00
-7.430069000000000257e-01,1.536693000000000087e+00,1.994221000000000021e+00,2.238865849040499404e-03,4.180622362592885388e-02
-7.433750999999999554e-01,1.536445999999999978e+00,1.994328000000000101e+00,1.909817742613133815e-03,8.464541898891157767e-02
-7.439189000000000496e-01,1.535778000000000088e+00,1.994763000000000064e+00,1.578486645492952097e-03,0.000000000000000000e+00
-7.439189000000000496e-01,1.535778000000000088e+00,1.994763000000000064e+00,1.578486645492952097e-03,5.837852358016422383e-02
-7.444148000000000431e-01,1.535430000000000073e+00,1.994817999999999980e+00,1.601301145943424516e-03,5.531631691397527473e-02
-7.449578999999999507e-01,1.535166999999999948e+00,1.994826999999999906e+00,1.429327551683135357e-03,0.000000000000000000e+00
-7.449578999999999507e-01,1.535166999999999948e+00,1.994826999999999906e+00,1.429327551683135357e-03,1.254838101685895324e-01
-7.458934999999999871e-01,1.534178999999999959e+00,1.994977999999999918e+00,1.327191474505612237e-03,6.225340536768854405e-02
-7.463341000000000003e-01,1.533662999999999998e+00,1.995007999999999893e+00,1.730874345526130795e-03,0.000000000000000000e+00
-7.463341000000000003e-01,1.533662999999999998e+00,1.995007999999999893e+00,1.730874345526130795e-03,1.707285885181739349e-01
-7.474191000000000029e-01,1.532284999999999897e+00,1.995306000000000024e+00,1.802403118062116888e-03,5.463254323638563892e-02
-7.478797000000000361e-01,1.531889000000000056e+00,1.995446000000000053e+00,1.985373123621738626e-03,0.000000000000000000e+00
-7.478797000000000361e-01,1.531889000000000056e+00,1.995446000000000053e+00,1.985373123621738626e-03,1.284208663095611769e-01
-7.490286999999999917e-01,1.531233000000000066e+00,1.995907000000000098e+00,2.123095108561865851e-03,7.053469851288612924e-02
-7.496642999999999502e-01,1.530885000000000051e+00,1.996166000000000107e+00,2.546584489075341164e-03,0.000000000000000000e+00
-7.496642999999999502e-01,1.530885000000000051e+00,1.996166000000000107e+00,2.546584489075341164e-03,1.196681591933985572e-01
-7.505306999999999951e-01,1.530288000000000093e+00,1.996939000000000020e+00,2.585226110033726852e-03,4.530122420247607168e-02
-7.507715000000000360e-01,1.530003999999999920e+00,1.997263999999999928e+00,2.625806801727854738e-03,0.000000000000000000e+00
-7.507715000000000360e-01,1.530003999999999920e+00,1.997263999999999928e+00,2.625806801727854738e-03,4.469214203789523276e-02
-7.509812999999999628e-01,1.529617999999999922e+00,1.997522000000000020e+00,2.729543031351562045e-03,7.739233832838311733e-02
-7.513627999999999973e-01,1.529082000000000052e+00,1.998110999999999970e+00,2.639460363407625330e-03,0.000000000000000000e+00
-7.513627999999999973e-01,1.529082000000000052e+00,1.998110999999999970e+00,2.639460363407625330e-03,3.871109480406312309e-02
-7.516458000000000306e-01,1.528828999999999994e+00,1.998296999999999990e+00,2.736027121576082785e-03,5.759669280342698955e-02
-7.520071999999999868e-01,1.528515000000000068e+00,1.998704000000000036e+00,2.943260350359754723e-03,0.000000000000000000e+00
-7.520071999999999868e-01,1.528515000000000068e+00,1.998704000000000036e+00,2.943260350359754723e-03,1.091140301346468083e-01
-7.527399000000000173e-01,1.528127000000000013e+00,1.999481999999999982e+00,3.447452481180810196e-03,5.847544935614373829e-02
-7.532442000000000304e-01,1.527881000000000045e+00,1.999843000000000037e+00,3.742185826492320632e-03,1.043888207277371832e-01
-7.541529999999999623e-01,1.527536999999999923e+00,2.000436999999999799e+00,4.500767761171275451e-03,4.969415980458335991e-02
-7.544703000000000381e-01,1.527381000000000100e+00,2.000847999999999960e+00,4.776890708400245364e-03,0.000000000000000000e+00
-7.544703000000000381e-01,1.527381000000000100e+00,2.000847999999999960e+00,4.776890708400245364e-03,3.925762076107618126e-02
-7.546829999999999927e-01,1.527155000000000040e+00,2.001170999999999811e+00,4.847644299038416336e-03,6.869320284236070384e-02
-7.549559999999999604e-01,1.527120000000000033e+00,2.001831000000000138e+00,5.209414770394113839e-03,0.000000000000000000e+00
-7.549559999999999604e-01,1.527120000000000033e+00,2.001831000000000138e+00,5.209414770394113839e-03,3.274989295228335207e-02
-7.549900999999999973e-01,1.526958000000000037e+00,2.002165999999999890e+00,5.263879440108776633e-03,6.600627793477727157e-02
-7.548987999999999809e-01,1.526429000000000036e+00,2.002645999999999926e+00,5.145756668362774441e-03,0.000000000000000000e+00
-7.548987999999999809e-01,1.526429000000000036e+00,2.002645999999999926e+00,5.145756668362774441e-03,3.374433946944880441e-02
-7.548394000000000492e-01,1.526122999999999896e+00,2.002871999999999986e+00,5.069708192785801239e-03,4.893775038166156555e-02
-7.546882999999999786e-01,1.525619999999999976e+00,2.002968000000000082e+00,4.666720074099146159e-03,0.000000000000000000e+00
-7.546882999999999786e-01,1.525619999999999976e+00,2.002968000000000082e+00,4.666720074099146159e-03,9.549089110056609153e-02
-7.546650999999999776e-01,1.524658000000000069e+00,2.003479000000000010e+00,4.335937163981947590e-03,6.297325401841603887e-02
-7.547981999999999747e-01,1.524078000000000044e+00,2.003753999999999813e+00,4.336009289657754423e-03,6.622463934994111956e-02
-7.549546000000000312e-01,1.523414000000000046e+00,2.004078999999999944e+00,4.109343986575010599e-03,1.180422976468360752e-01
-7.551932000000000089e-01,1.522294000000000036e+00,2.004788000000000014e+00,4.121515517379536857e-03,6.272220458188657033e-02
-7.553054999999999630e-01,1.521682999999999897e+00,2.004990999999999968e+00,3.850085744499515909e-03,0.000000000000000000e+00
-7.553054999999999630e-01,1.521682999999999897e+00,2.004990999999999968e+00,3.850085744499515909e-03,1.285971727636907869e-01
-7.551841999999999722e-01,1.520386000000000015e+00,2.005511999999999961e+00,3.469442354327136740e-03,7.363151214896587748e-02
-7.552508999999999473e-01,1.519679999999999920e+00,2.005891000000000091e+00,3.349331696025384126e-03,0.000000000000000000e+00
-7.552508999999999473e-01,1.519679999999999920e+00,2.005891000000000091e+00,3.349331696025384126e-03,5.643988590851764520e-02
-7.554872000000000254e-01,1.519168000000000074e+00,2.006202000000000041e+00,3.317355097061632733e-03,1.051170549567237572e-01
-7.556321999999999761e-01,1.518208999999999920e+00,2.006813999999999876e+00,3.449477219811424543e-03,0.000000000000000000e+00
-7.556321999999999761e-01,1.518208999999999920e+00,2.006813999999999876e+00,3.449477219811424543e-03,5.475452897837489175e-02
-7.554621999999999726e-01,1.517729000000000106e+00,2.007175000000000153e+00,3.411784883312557384e-03,9.262090081105640860e-02
-7.553792000000000284e-01,1.516826000000000008e+00,2.007623000000000157e+00,3.396828210257275306e-03,0.000000000000000000e+00
-7.553792000000000284e-01,1.516826000000000008e+00,2.007623000000000157e+00,3.396828210257275306e-03,4.264369871596270650e-02
-7.552229999999999777e-01,1.516383000000000036e+00,2.007814999999999905e+00,3.483942056062067603e-03,3.950649456970699996e-02
-7.553792000000000284e-01,1.516027999999999931e+00,2.007953000000000099e+00,3.481169954196379999e-03,1.129482961552762538e-01
-7.562683000000000044e-01,1.515344000000000024e+00,2.008462999999999887e+00,3.373920087968710312e-03,5.145223617075498496e-02
-7.567563000000000484e-01,1.515098999999999974e+00,2.008739999999999970e+00,3.535156058789933227e-03,0.000000000000000000e+00
-7.567563000000000484e-01,1.515098999999999974e+00,2.008739999999999970e+00,3.535156058789933227e-03,5.177041407205670159e-02
-7.571265999999999829e-01,1.514804000000000039e+00,2.009047999999999945e+00,3.627703252748177773e-03,7.160686043450883997e-02
-7.577798000000000034e-01,1.514504000000000072e+00,2.009507000000000154e+00,3.787869455248041219e-03,0.000000000000000000e+00
-7.577798000000000034e-01,1.514504000000000072e+00,2.009507000000000154e+00,3.787869455248041219e-03,3.322062779020552165e-02
-7.579810999999999632e-01,1.514235999999999915e+00,2.009684000000000026e+00,3.820704312034583355e-03,6.245071449879632114e-02
-7.583672999999999664e-01,1.513716000000000061e+00,2.009980999999999796e+00,3.909408688024125153e-03,0.000000000000000000e+00
-7.583672999999999664e-01,1.513716000000000061e+00,2.009980999999999796e+00,3.909408688024125153e-03,3.400724732921320964e-02
-7.586150000000000393e-01,1.513514000000000026e+00,2.010200999999999905e+00,3.917547850377670580e-03,2.866401249181182651e-02
-7.586802999999999741e-01,1.513263000000000025e+00,2.010422999999999849e+00,3.928852057535148559e-03,0.000000000000000000e+00
-7.586802999999999741e-01,1.513263000000000025e+00,2.010422999999999849e+00,3.928852057535148559e-03,8.321094664521469508e-02
-7.591833999999999527e-01,1.512720999999999982e+00,2.010950999999999933e+00,4.129097412267976677e-03,3.591419219973471244e-02
-7.594022999999999746e-01,1.512478999999999907e+00,2.011226999999999876e+00,4.310380001809320863e-03,8.069051779320850215e-02
-7.598209000000000213e-01,1.511835000000000040e+00,2.011569000000000162e+00,4.127113087861798528e-03,4.166289211704100187e-02
-7.600291000000000130e-01,1.511487999999999943e+00,2.011775999999999787e+00,4.114525654312666501e-03,4.440138117200723850e-02
-7.602122000000000046e-01,1.511044999999999972e+00,2.011940000000000062e+00,4.068684093168094262e-03,0.000000000000000000e+00
-7.602122000000000046e-01,1.511044999999999972e+00,2.011940000000000062e+00,4.068684093168094262e-03,8.660867686132997512e-02
-7.605300000000000393e-01,1.510199999999999987e+00,2.012218999999999980e+00,3.767342964212386063e-03,4.684542781100342612e-02
-7.605939000000000449e-01,1.509665000000000035e+00,2.012361999999999984e+00,3.567159996411808399e-03,0.000000000000000000e+00
-7.605939000000000449e-01,1.509665000000000035e+00,2.012361999999999984e+00,3.567159996411808399e-03,4.683380737544680372e-02
-7.606648999999999772e-01,1.509095999999999993e+00,2.012453999999999965e+00,3.386243942777944840e-03,9.020238537845941262e-02
-7.609529000000000432e-01,1.508248999999999951e+00,2.012863999999999987e+00,3.252998353826838922e-03,0.000000000000000000e+00
-7.609529000000000432e-01,1.508248999999999951e+00,2.012863999999999987e+00,3.252998353826838922e-03,4.905722873474982482e-02
-7.611995000000000289e-01,1.507902000000000076e+00,2.013147000000000020e+00,3.241623699629672672e-03,9.282634056621810736e-02
-7.615089000000000441e-01,1.506996999999999920e+00,2.013602000000000114e+00,3.297486298682826816e-03,0.000000000000000000e+00
-7.615089000000000441e-01,1.506996999999999920e+00,2.013602000000000114e+00,3.297486298682826816e-03,3.770521599147028113e-02
-7.616787000000000418e-01,1.506482000000000099e+00,2.013854999999999951e+00,3.110145695944058382e-03,9.121705062466524405e-02
-7.617433000000000121e-01,1.505856000000000083e+00,2.014108999999999927e+00,3.010096744292264405e-03,0.000000000000000000e+00
-7.617433000000000121e-01,1.505856000000000083e+00,2.014108999999999927e+00,3.010096744292264405e-03,1.615677894219919031e-01
-7.625853999999999688e-01,1.504783999999999899e+00,2.015350000000000197e+00,3.353213085981996983e-03,0.000000000000000000e+00
-7.625853999999999688e-01,1.504783999999999899e+00,2.015350000000000197e+00,3.353213085981996983e-03,8.132336118305043271e-02
-7.631428000000000100e-01,1.504440999999999917e+00,2.015887000000000207e+00,3.551527271470870158e-03,4.526830906314203290e-02
-7.632936999999999639e-01,1.504038999999999904e+00,2.016131000000000117e+00,3.597284915043759586e-03,0.000000000000000000e+00
-7.632936999999999639e-01,1.504038999999999904e+00,2.016131000000000117e+00,3.597284915043759586e-03,5.073788287555393295e-02
-7.633649999999999602e-01,1.503624999999999989e+00,2.016452000000000133e+00,3.569958359701419070e-03,9.413021833115046977e-02
-7.629394999999999927e-01,1.502690999999999999e+00,2.016487000000000140e+00,3.449649582204268247e-03,0.000000000000000000e+00
-7.629394999999999927e-01,1.502690999999999999e+00,2.016487000000000140e+00,3.449649582204268247e-03,5.761303628515555830e-02
-7.627920999999999729e-01,1.502080000000000082e+00,2.016480000000000050e+00,3.431868826164791338e-03,4.886199009994745407e-02
-7.628281000000000089e-01,1.501554000000000055e+00,2.016561999999999966e+00,3.482599781772380190e-03,0.000000000000000000e+00
-7.628281000000000089e-01,1.501554000000000055e+00,2.016561999999999966e+00,3.482599781772380190e-03,9.592984607516791273e-02
-7.635290999999999606e-01,1.500982000000000038e+00,2.016986999999999863e+00,3.207835757952691522e-03,5.325127175459015705e-02
-7.640729000000000548e-01,1.500985000000000014e+00,2.017257999999999996e+00,3.044043247064694407e-03,1.222999843396705144e-01
-7.653278999999999499e-01,1.500804999999999945e+00,2.017841000000000218e+00,2.996362409656099651e-03,0.000000000000000000e+00
-7.653278999999999499e-01,1.500804999999999945e+00,2.017841000000000218e+00,2.996362409656099651e-03,7.379294375977556164e-02
-7.658019000000000354e-01,1.500175000000000036e+00,2.018003999999999909e+00,2.540002812990380283e-03,0.000000000000000000e+00
-7.658019000000000354e-01,1.500175000000000036e+00,2.018003999999999909e+00,2.540002812990380283e-03,9.135711808043459059e-02
-7.657072999999999796e-01,1.499198000000000031e+00,2.017831000000000152e+00,2.180982945829725451e-03,4.889255084543220331e-02
-7.655205999999999955e-01,1.498715000000000019e+00,2.017703000000000024e+00,2.211017629961288446e-03,0.000000000000000000e+00
-7.655205999999999955e-01,1.498715000000000019e+00,2.017703000000000024e+00,2.211017629961288446e-03,5.914004094188021060e-02
-7.656553000000000386e-01,1.498113999999999946e+00,2.017682999999999893e+00,2.281277758187121116e-03,2.036930809558341535e-02
-7.656703000000000259e-01,1.497908000000000017e+00,2.017764999999999809e+00,2.421556154624303001e-03,0.000000000000000000e+00
-7.656703000000000259e-01,1.497908000000000017e+00,2.017764999999999809e+00,2.421556154624303001e-03,2.791951605125919320e-02
-7.658141000000000531e-01,1.497656000000000098e+00,2.017748000000000097e+00,2.270079137387078644e-03,6.307898302237760491e-02
-7.659048999999999996e-01,1.496984000000000092e+00,2.017627000000000059e+00,2.262892089782446957e-03,0.000000000000000000e+00
-7.659048999999999996e-01,1.496984000000000092e+00,2.017627000000000059e+00,2.262892089782446957e-03,3.624787685280601857e-02
-7.659097000000000266e-01,1.496626000000000012e+00,2.017590000000000217e+00,2.385741480127298413e-03,3.082012738182329792e-02
-7.659565999999999875e-01,1.496278999999999915e+00,2.017561000000000160e+00,2.514006372307019902e-03,0.000000000000000000e+00
-7.659565999999999875e-01,1.496278999999999915e+00,2.017561000000000160e+00,2.514006372307019902e-03,4.493127768900206237e-02
-7.660983000000000098e-01,1.495834000000000108e+00,2.017593999999999888e+00,2.685320511596209995e-03,1.807195932939954786e-02
-7.662634999999999863e-01,1.495824000000000042e+00,2.017717000000000205e+00,2.596117849790329900e-03,3.843227913247913158e-02
-7.663356999999999530e-01,1.495417999999999914e+00,2.017865000000000020e+00,2.883781581534986590e-03,2.541160970523509421e-02
-7.664081999999999839e-01,1.495206999999999953e+00,2.018029999999999990e+00,2.964531841623615268e-03,0.000000000000000000e+00
-7.664081999999999839e-01,1.495206999999999953e+00,2.018029999999999990e+00,2.964531841623615268e-03,2.378311266689545067e-02
-7.663782000000000094e-01,1.494963999999999960e+00,2.018146999999999913e+00,3.077079303495486480e-03,3.285288716259016084e-02
-7.666361000000000425e-01,1.494788999999999923e+00,2.018323999999999785e+00,2.923931991343214389e-03,0.000000000000000000e+00
-7.666361000000000425e-01,1.494788999999999923e+00,2.018323999999999785e+00,2.923931991343214389e-03,3.028485291731274412e-02
-7.669053000000000120e-01,1.494771999999999990e+00,2.018562999999999885e+00,2.707240035534379773e-03,8.960692023177808940e-02
-7.673925999999999803e-01,1.494723999999999942e+00,2.019357999999999986e+00,2.520717683518035150e-03,0.000000000000000000e+00
-7.673925999999999803e-01,1.494723999999999942e+00,2.019357999999999986e+00,2.520717683518035150e-03,3.832694631698518178e-02
-7.676982999999999446e-01,1.494702999999999893e+00,2.019670000000000076e+00,2.473170639078714657e-03,3.969025161696292103e-02
-7.680017999999999567e-01,1.494661000000000017e+00,2.019976000000000216e+00,2.261185361707467555e-03,7.988975887500633644e-02
-7.686484000000000094e-01,1.494567999999999897e+00,2.020553000000000043e+00,1.839685038260599091e-03,0.000000000000000000e+00
-7.686484000000000094e-01,1.494567999999999897e+00,2.020553000000000043e+00,1.839685038260599091e-03,4.340795791599751791e-02
-7.689892999999999867e-01,1.494537000000000004e+00,2.020847999999999978e+00,1.745311287421160915e-03,4.547352791616017520e-02
-7.694174999999999764e-01,1.494537000000000004e+00,2.021141000000000076e+00,1.712408015047802963e-03,9.112735493698859157e-02
-7.701588000000000322e-01,1.494442999999999966e+00,2.021863999999999884e+00,1.636460891680544894e-03,5.277742004708706192e-02
-7.706640000000000157e-01,1.494380000000000042e+00,2.022133000000000180e+00,1.490299597396677316e-03,0.000000000000000000e+00
-7.706640000000000157e-01,1.494380000000000042e+00,2.022133000000000180e+00,1.490299597396677316e-03,8.330789403294588946e-02
-7.714628999999999515e-01,1.493994000000000044e+00,2.022473999999999883e+00,1.535137896086203073e-03,5.357254780033326308e-02
-7.719044999999999934e-01,1.493648000000000087e+00,2.022638000000000158e+00,1.350902675991131740e-03,0.000000000000000000e+00
-7.719044999999999934e-01,1.493648000000000087e+00,2.022638000000000158e+00,1.350902675991131740e-03,3.829150981328925674e-02
-7.721748000000000500e-01,1.493346999999999980e+00,2.022803999999999824e+00,1.069395740593473160e-03,1.057099768349286234e-01
-7.730527000000000371e-01,1.492685999999999957e+00,2.023153999999999897e+00,1.108231275501503224e-03,0.000000000000000000e+00
-7.730527000000000371e-01,1.492685999999999957e+00,2.023153999999999897e+00,1.108231275501503224e-03,4.846017999583567687e-02
-7.735043000000000335e-01,1.492396000000000056e+00,2.023365000000000080e+00,1.171843009963444019e-03,8.518198828398972078e-02
-7.742164000000000268e-01,1.491975999999999969e+00,2.023687999999999931e+00,9.869830849614476872e-04,0.000000000000000000e+00
-7.742164000000000268e-01,1.491975999999999969e+00,2.023687999999999931e+00,9.869830849614476872e-04,3.421059179225113822e-02
-7.745035000000000114e-01,1.491748000000000074e+00,2.023864999999999803e+00,1.105730979940419039e-03,3.724655410855015614e-02
-7.747005999999999615e-01,1.491475000000000106e+00,2.024058000000000135e+00,1.258441977208366210e-03,6.424855075134319748e-02
-7.750958999999999488e-01,1.490993999999999930e+00,2.024445000000000050e+00,1.119335320625430667e-03,2.077456134294502696e-02
-7.751892000000000227e-01,1.490804999999999936e+00,2.024553000000000047e+00,9.632994809506483739e-04,0.000000000000000000e+00
-7.751892000000000227e-01,1.490804999999999936e+00,2.024553000000000047e+00,9.632994809506483739e-04,3.444197970626147048e-02
-7.751257000000000286e-01,1.490709999999999980e+00,2.024929000000000201e+00,7.921099923621284945e-04,5.313984498641144416e-02
-7.749428999999999901e-01,1.490745999999999905e+00,2.025506000000000029e+00,9.703283774062288923e-04,0.000000000000000000e+00
-7.749428999999999901e-01,1.490745999999999905e+00,2.025506000000000029e+00,9.703283774062288923e-04,3.162940501305810254e-02
-7.748494000000000215e-01,1.490725999999999996e+00,2.025853999999999822e+00,1.196777594208533937e-03,4.912605107956686395e-02
-7.746309999999999585e-01,1.490742999999999929e+00,2.026396000000000086e+00,1.669036323750946018e-03,0.000000000000000000e+00
-7.746309999999999585e-01,1.490742999999999929e+00,2.026396000000000086e+00,1.669036323750946018e-03,2.385543092702622700e-02
-7.745452000000000448e-01,1.490714000000000095e+00,2.026639999999999997e+00,1.887690729436369190e-03,2.175685925605430962e-02
-7.746003000000000194e-01,1.490655999999999981e+00,2.026874999999999982e+00,2.086984628596921538e-03,3.821879912968995097e-02
-7.746427000000000174e-01,1.490405999999999898e+00,2.027206000000000063e+00,2.181553886568025728e-03,0.000000000000000000e+00
-7.746427000000000174e-01,1.490405999999999898e+00,2.027206000000000063e+00,2.181553886568025728e-03,2.481006454257677143e-02
-7.746024000000000242e-01,1.490296000000000065e+00,2.027477000000000196e+00,2.266232293918893099e-03,6.648752072621388898e-02
-7.750194000000000250e-01,1.489967000000000041e+00,2.027970999999999968e+00,2.218953854860471111e-03,3.885497020260199330e-02
-7.752280000000000282e-01,1.489757999999999916e+00,2.028248000000000051e+00,2.291632407259110594e-03,4.396840167757792850e-02
-7.755258000000000429e-01,1.489443000000000072e+00,2.028541000000000150e+00,2.404938928538696147e-03,0.000000000000000000e+00
-7.755258000000000429e-01,1.489443000000000072e+00,2.028541000000000150e+00,2.404938928538696147e-03,9.155726908650312079e-02
-7.762059999999999516e-01,1.488949999999999996e+00,2.029161999999999910e+00,2.139868044997049554e-03,4.436418075946893524e-02
-7.766353999999999758e-01,1.488790000000000058e+00,2.029376000000000069e+00,2.107682189040882819e-03,0.000000000000000000e+00
-7.766353999999999758e-01,1.488790000000000058e+00,2.029376000000000069e+00,2.107682189040882819e-03,5.143888099137497449e-02
-7.770523999999999765e-01,1.488593000000000055e+00,2.029739000000000182e+00,2.316982047837386812e-03,8.921013299957435139e-02
-7.778291999999999984e-01,1.488262999999999892e+00,2.030307999999999780e+00,2.144282026693122931e-03,0.000000000000000000e+00
-7.778291999999999984e-01,1.488262999999999892e+00,2.030307999999999780e+00,2.144282026693122931e-03,6.294627775433206396e-02
-7.783333999999999531e-01,1.488058000000000103e+00,2.030673999999999868e+00,2.238615127707328008e-03,1.083199481970465172e-01
-7.791833999999999705e-01,1.487848999999999977e+00,2.031544999999999934e+00,2.598301885847658158e-03,0.000000000000000000e+00
-7.791833999999999705e-01,1.487848999999999977e+00,2.031544999999999934e+00,2.598301885847658158e-03,6.067377329688310866e-02
-7.797250999999999488e-01,1.487732000000000054e+00,2.031906999999999908e+00,2.713251768634763767e-03,5.011857123083314491e-02
-7.801869000000000165e-01,1.487635999999999958e+00,2.032271999999999856e+00,2.966695946671832167e-03,0.000000000000000000e+00
-7.801869000000000165e-01,1.487635999999999958e+00,2.032271999999999856e+00,2.966695946671832167e-03,1.083647178614045165e-01
-7.810608999999999469e-01,1.487333999999999934e+00,2.032919999999999838e+00,3.121609770615102562e-03,4.078206579989163832e-02
-7.813759000000000121e-01,1.487130999999999981e+00,2.033228999999999953e+00,3.144815504922384309e-03,1.005767599078257329e-01
-7.822263000000000410e-01,1.486882999999999955e+00,2.033957000000000015e+00,3.543787308798376258e-03,4.251023062118525209e-02
-7.824193999999999871e-01,1.486725000000000074e+00,2.034323000000000103e+00,3.526204821050716795e-03,0.000000000000000000e+00
-7.824193999999999871e-01,1.486725000000000074e+00,2.034323000000000103e+00,3.526204821050716795e-03,4.520581155752858432e-02
-7.826560000000000183e-01,1.486529999999999907e+00,2.034679999999999822e+00,3.540163295668648236e-03,7.299031423548089925e-02
-7.830190999999999679e-01,1.486124000000000001e+00,2.035309999999999953e+00,3.647304792583168885e-03,0.000000000000000000e+00
-7.830190999999999679e-01,1.486124000000000001e+00,2.035309999999999953e+00,3.647304792583168885e-03,3.553870323095137396e-02
-7.831681000000000337e-01,1.485900999999999916e+00,2.035590000000000011e+00,3.562682979160390964e-03,3.431761744832709238e-02
-7.832500999999999491e-01,1.485622999999999916e+00,2.035826999999999831e+00,3.379084877596095701e-03,6.949313136943853497e-02
-7.835330999999999824e-01,1.484988999999999892e+00,2.036210000000000075e+00,3.028973755250952398e-03,0.000000000000000000e+00
-7.835330999999999824e-01,1.484988999999999892e+00,2.036210000000000075e+00,3.028973755250952398e-03,4.610463401730624522e-02
-7.837174000000000085e-01,1.484617000000000075e+00,2.036493999999999804e+00,2.947563848332869930e-03,8.750047489732074024e-02
-7.840949999999999864e-01,1.483970000000000011e+00,2.037154000000000131e+00,2.656714105808255944e-03,0.000000000000000000e+00
-7.840949999999999864e-01,1.483970000000000011e+00,2.037154000000000131e+00,2.656714105808255944e-03,5.304904916307441598e-02
-7.843719000000000108e-01,1.483581000000000039e+00,2.037481999999999793e+00,2.488097684979398601e-03,4.397774915911008969e-02
-7.845876000000000516e-01,1.483273000000000064e+00,2.037846000000000046e+00,2.514295957122128673e-03,1.061133653919119763e-01
-7.850939999999999586e-01,1.482526999999999928e+00,2.038485999999999798e+00,2.125542192006351586e-03,5.413534372894079211e-02
-7.854103999999999530e-01,1.482147000000000103e+00,2.038809000000000093e+00,1.968520736492299084e-03,0.000000000000000000e+00
-7.854103999999999530e-01,1.482147000000000103e+00,2.038809000000000093e+00,1.968520736492299084e-03,1.118793145771672382e-01
-7.860447999999999880e-01,1.481465999999999950e+00,2.039511000000000074e+00,1.851051757785284651e-03,6.045131699185146007e-02
-7.863909999999999512e-01,1.481198000000000015e+00,2.040043999999999969e+00,1.765196195894367043e-03,0.000000000000000000e+00
-7.863909999999999512e-01,1.481198000000000015e+00,2.040043999999999969e+00,1.765196195894367043e-03,6.840665037023828388e-02
-7.868397000000000308e-01,1.480974999999999930e+00,2.040550000000000086e+00,1.966353793191831772e-03,1.247431443833016407e-01
-7.875081999999999915e-01,1.480674000000000046e+00,2.041770000000000085e+00,2.168849925651940985e-03,0.000000000000000000e+00
-7.875081999999999915e-01,1.480674000000000046e+00,2.041770000000000085e+00,2.168849925651940985e-03,5.406648606257151435e-02
-7.878659000000000079e-01,1.480601000000000056e+00,2.042234000000000105e+00,2.400027685257124371e-03,5.577253831769832249e-02
-7.881624999999999881e-01,1.480618999999999907e+00,2.042765000000000164e+00,2.768072715807704670e-03,0.000000000000000000e+00
-7.881624999999999881e-01,1.480618999999999907e+00,2.042765000000000164e+00,2.768072715807704670e-03,1.018894288763729505e-01
-7.886627000000000498e-01,1.480382000000000087e+00,2.043728999999999907e+00,2.858107807623615909e-03,6.925058898743698121e-02
-7.890359999999999596e-01,1.480191999999999952e+00,2.044398999999999855e+00,3.142417701388195133e-03,1.268971571341963589e-01
-7.898363999999999940e-01,1.480228000000000099e+00,2.045605000000000118e+00,3.581903259442036427e-03,6.248887369020238169e-02
-7.902430999999999761e-01,1.480296999999999974e+00,2.046107999999999816e+00,3.926700025466616645e-03,0.000000000000000000e+00
-7.902430999999999761e-01,1.480296999999999974e+00,2.046107999999999816e+00,3.926700025466616645e-03,5.698522638499569498e-02
-7.906322000000000072e-01,1.480248999999999926e+00,2.046661999999999981e+00,4.109351930657738176e-03,1.202193330718409614e-01
-7.913516000000000439e-01,1.480113000000000012e+00,2.047677000000000191e+00,4.402137595532685209e-03,0.000000000000000000e+00
-7.913516000000000439e-01,1.480113000000000012e+00,2.047677000000000191e+00,4.402137595532685209e-03,4.820714498642272167e-02
-7.915269999999999806e-01,1.480077000000000087e+00,2.048221999999999987e+00,4.687179344766004459e-03,1.155670218153590223e-01
-7.920169999999999710e-01,1.480069000000000079e+00,2.049322000000000088e+00,5.051431896997303148e-03,4.517896296108696308e-02
-7.921498000000000150e-01,1.480018000000000056e+00,2.049817000000000000e+00,5.263503036001899484e-03,0.000000000000000000e+00
-7.921498000000000150e-01,1.480018000000000056e+00,2.049817000000000000e+00,5.263503036001899484e-03,3.759678468547388019e-02
-7.923367000000000049e-01,1.479886000000000035e+00,2.050135000000000041e+00,5.339295238137838420e-03,8.027290502585615606e-02
-7.924611999999999767e-01,1.479338999999999960e+00,2.050858999999999988e+00,5.140068127953067653e-03,0.000000000000000000e+00
-7.924611999999999767e-01,1.479338999999999960e+00,2.050858999999999988e+00,5.140068127953067653e-03,4.276641886258576719e-02
-7.925096000000000362e-01,1.478944999999999954e+00,2.051105000000000178e+00,4.933107016880914145e-03,3.871014638722256040e-02
-7.925687000000000149e-01,1.478677000000000019e+00,2.051426000000000194e+00,4.900884982327205139e-03,7.390972082662494724e-02
-7.926933999999999925e-01,1.478256000000000014e+00,2.052146000000000026e+00,5.013226830096608605e-03,3.175769775220596558e-02
-7.927387000000000183e-01,1.478059999999999929e+00,2.052446999999999910e+00,4.984476726798842301e-03,0.000000000000000000e+00
-7.927387000000000183e-01,1.478059999999999929e+00,2.052446999999999910e+00,4.984476726798842301e-03,8.698164425229687469e-02
-7.928380999999999901e-01,1.477427000000000046e+00,2.053147000000000055e+00,4.908939135903123141e-03,4.278155179193021684e-02
-7.930021000000000431e-01,1.477174999999999905e+00,2.053504000000000218e+00,4.934011759207876553e-03,0.000000000000000000e+00
-7.930021000000000431e-01,1.477174999999999905e+00,2.053504000000000218e+00,4.934011759207876553e-03,4.777202147083310646e-02
-7.931799999999999962e-01,1.476758999999999933e+00,2.053849000000000036e+00,4.856658399558254346e-03,1.047793882922486292e-01
-7.938513999999999848e-01,1.476447000000000065e+00,2.054650000000000087e+00,4.742079422574090909e-03,5.276944482707787015e-02
-7.941363000000000172e-01,1.476290000000000102e+00,2.055124999999999869e+00,4.853717148742703498e-03,0.000000000000000000e+00
-7.941363000000000172e-01,1.476290000000000102e+00,2.055124999999999869e+00,4.853717148742703498e-03,1.197722771131623926e-01
-7.948623000000000216e-01,1.475978999999999930e+00,2.056166000000000160e+00,4.876625088111681029e-03,5.664204778632037779e-02
-7.951679000000000386e-01,1.475861000000000089e+00,2.056690000000000129e+00,5.005317053893887196e-03,0.000000000000000000e+00
-7.951679000000000386e-01,1.475861000000000089e+00,2.056690000000000129e+00,5.005317053893887196e-03,6.344076728893857653e-02
-7.953873000000000193e-01,1.475837000000000065e+00,2.057345999999999897e+00,5.306973375663348071e-03,9.731222454301191593e-02
-7.957973000000000408e-01,1.475929000000000046e+00,2.058320999999999845e+00,5.672199697648088769e-03,0.000000000000000000e+00
-7.957973000000000408e-01,1.475929000000000046e+00,2.058320999999999845e+00,5.672199697648088769e-03,4.130783028391505490e-02
-7.961097000000000312e-01,1.475905999999999940e+00,2.058644999999999836e+00,5.718600200223683885e-03,4.871473707193551411e-02
-7.964520000000000488e-01,1.475807000000000091e+00,2.059039999999999981e+00,5.766480975430357189e-03,0.000000000000000000e+00
-7.964520000000000488e-01,1.475807000000000091e+00,2.059039999999999981e+00,5.766480975430357189e-03,9.173792114699128031e-02
-7.971479999999999677e-01,1.475492000000000026e+00,2.059687999999999963e+00,5.516782417315360676e-03,5.604552664644160687e-02
-7.975330000000000474e-01,1.475173000000000068e+00,2.060039999999999871e+00,5.363559661269644459e-03,0.000000000000000000e+00
-7.975330000000000474e-01,1.475173000000000068e+00,2.060039999999999871e+00,5.363559661269644459e-03,1.375706036403979149e-01
-7.983451000000000297e-01,1.474385000000000057e+00,2.060919999999999863e+00,4.940779570067892375e-03,3.900671109120884550e-02
-7.985969000000000539e-01,1.474194000000000004e+00,2.061205000000000176e+00,4.869895415714978887e-03,0.000000000000000000e+00
-7.985969000000000539e-01,1.474194000000000004e+00,2.061205000000000176e+00,4.869895415714978887e-03,5.972327997884129686e-02
-7.986963000000000257e-01,1.473656000000000077e+00,2.061560000000000059e+00,4.799792853863749445e-03,3.329360323343383277e-02
-7.985894999999999522e-01,1.473438999999999943e+00,2.061831000000000191e+00,4.970278261828246433e-03,0.000000000000000000e+00
-7.985894999999999522e-01,1.473438999999999943e+00,2.061831000000000191e+00,4.970278261828246433e-03,5.409230632815277551e-02
-7.984828999999999954e-01,1.473247999999999891e+00,2.062320999999999849e+00,5.228772705903140215e-03,3.071306519925356276e-02
-7.984721999999999653e-01,1.473197000000000090e+00,2.062651999999999930e+00,5.391241382093648130e-03,0.000000000000000000e+00
-7.984721999999999653e-01,1.473197000000000090e+00,2.062651999999999930e+00,5.391241382093648130e-03,2.864680634550120786e-02
-7.983557999999999488e-01,1.473098999999999936e+00,2.062924999999999898e+00,5.594880681480010436e-03,6.562842120857202699e-02
-7.981819999999999471e-01,1.472779999999999978e+00,2.063541999999999987e+00,5.997636284403954146e-03,0.000000000000000000e+00
-7.981819999999999471e-01,1.472779999999999978e+00,2.063541999999999987e+00,5.997636284403954146e-03,3.414923559001179637e-02
-7.980920999999999710e-01,1.472657000000000105e+00,2.063881999999999994e+00,6.252366336835920788e-03,2.607740341090486469e-02
-7.980777999999999484e-01,1.472666000000000031e+00,2.064166000000000167e+00,6.458390282415615684e-03,0.000000000000000000e+00
-7.980777999999999484e-01,1.472666000000000031e+00,2.064166000000000167e+00,6.458390282415615684e-03,8.789506544621965289e-02
-7.982892999999999795e-01,1.472380999999999940e+00,2.065103999999999829e+00,6.822593219590166423e-03,0.000000000000000000e+00
-7.982892999999999795e-01,1.472380999999999940e+00,2.065103999999999829e+00,6.822593219590166423e-03,8.533961195610256789e-02
-7.985765999999999698e-01,1.472218000000000027e+00,2.066019999999999968e+00,7.122904270731059313e-03,4.619619148377657192e-02
-7.988121999999999723e-01,1.472180999999999962e+00,2.066463999999999857e+00,7.253805567424398588e-03,0.000000000000000000e+00
-7.988121999999999723e-01,1.472180999999999962e+00,2.066463999999999857e+00,7.253805567424398588e-03,4.578153904201761465e-02
-7.990935000000000121e-01,1.472158000000000078e+00,2.066930000000000156e+00,7.320493084485579088e-03,1.029839478903698119e-01
-7.997746000000000022e-01,1.472294999999999909e+00,2.067813000000000123e+00,7.369313102996824343e-03,0.000000000000000000e+00
-7.997746000000000022e-01,1.472294999999999909e+00,2.067813000000000123e+00,7.369313102996824343e-03,4.023986416824883172e-02
-7.999549000000000243e-01,1.472347000000000072e+00,2.068254000000000037e+00,7.557963188584630558e-03,1.275655735959949078e-01
-8.009918000000000315e-01,1.472544000000000075e+00,2.069062000000000179e+00,7.328889984847724096e-03,0.000000000000000000e+00
-8.009918000000000315e-01,1.472544000000000075e+00,2.069062000000000179e+00,7.328889984847724096e-03,5.235573683716758520e-02
-8.014567000000000219e-01,1.472591999999999901e+00,2.069474000000000036e+00,7.287362131800453717e-03,6.883393310227339801e-02
-8.020542000000000504e-01,1.472674999999999956e+00,2.069862000000000091e+00,7.175030369970599071e-03,0.000000000000000000e+00
-8.020542000000000504e-01,1.472674999999999956e+00,2.069862000000000091e+00,7.175030369970599071e-03,7.813124946320784692e-02
-8.025111999999999801e-01,1.472526999999999919e+00,2.070612999999999815e+00,7.191479639823691178e-03,9.484828307488434029e-02
-8.033898000000000428e-01,1.472499999999999920e+00,2.071159000000000194e+00,6.967709684681295916e-03,0.000000000000000000e+00
-8.033898000000000428e-01,1.472499999999999920e+00,2.071159000000000194e+00,6.967709684681295916e-03,1.112870462960985213e-01
-8.044367000000000045e-01,1.472850999999999910e+00,2.071785999999999905e+00,6.736578045268802606e-03,4.843651167915904304e-02
-8.048657999999999646e-01,1.473022999999999971e+00,2.072042000000000161e+00,6.714720340416292788e-03,0.000000000000000000e+00
-8.048657999999999646e-01,1.473022999999999971e+00,2.072042000000000161e+00,6.714720340416292788e-03,9.933360954446296409e-02
-8.059161000000000241e-01,1.473341000000000012e+00,2.072484000000000215e+00,6.540545026983672280e-03,3.502753188719647665e-02
-8.062679999999999847e-01,1.473308999999999980e+00,2.072573999999999916e+00,6.344114355841889465e-03,0.000000000000000000e+00
-8.062679999999999847e-01,1.473308999999999980e+00,2.072573999999999916e+00,6.344114355841889465e-03,3.994689636393475296e-02
-8.067182999999999993e-01,1.473157999999999967e+00,2.072594000000000047e+00,5.994060801326566573e-03,7.784013458339088254e-02
-8.073601999999999723e-01,1.472663999999999973e+00,2.072570999999999941e+00,5.309832573631600126e-03,0.000000000000000000e+00
-8.073601999999999723e-01,1.472663999999999973e+00,2.072570999999999941e+00,5.309832573631600126e-03,4.153642152497318690e-02
-8.078591999999999995e-01,1.472536999999999985e+00,2.072582999999999842e+00,4.995622359626327759e-03,7.902471519392297028e-02
-8.085392000000000134e-01,1.472159999999999913e+00,2.072483000000000075e+00,4.409649845509205912e-03,0.000000000000000000e+00
-8.085392000000000134e-01,1.472159999999999913e+00,2.072483000000000075e+00,4.409649845509205912e-03,2.067926263772652123e-02
-8.087239000000000511e-01,1.472045999999999966e+00,2.072575000000000056e+00,4.246747721492354077e-03,3.952199607651088464e-02
-8.091080000000000494e-01,1.471872999999999987e+00,2.072667000000000037e+00,3.921257323869556215e-03,7.008625943443214101e-02
-8.098180000000000378e-01,1.471780000000000088e+00,2.073023000000000060e+00,3.644375666695392514e-03,4.974934559246171895e-02
-8.103386999999999674e-01,1.471810999999999980e+00,2.073173000000000155e+00,3.564788028761515463e-03,0.000000000000000000e+00
-8.103386999999999674e-01,1.471810999999999980e+00,2.073173000000000155e+00,3.564788028761515463e-03,4.969905144195636837e-02
-8.107940999999999621e-01,1.471824000000000021e+00,2.073466999999999949e+00,3.594821426719317214e-03,7.556895895326330714e-02
-8.115947000000000022e-01,1.471969000000000083e+00,2.073850000000000193e+00,3.479753021408403622e-03,0.000000000000000000e+00
-8.115947000000000022e-01,1.471969000000000083e+00,2.073850000000000193e+00,3.479753021408403622e-03,3.975556921861839177e-02
-8.119838000000000333e-01,1.472048999999999941e+00,2.074069000000000162e+00,3.525207562683361096e-03,4.888426422772899210e-02
-8.124293999999999683e-01,1.472069999999999990e+00,2.074403000000000219e+00,3.611283705277196308e-03,0.000000000000000000e+00
-8.124293999999999683e-01,1.472069999999999990e+00,2.074403000000000219e+00,3.611283705277196308e-03,3.380947999756760830e-02
-8.127459999999999685e-01,1.472034999999999982e+00,2.074589000000000016e+00,3.614542787130943860e-03,1.965001172711509925e-02
-8.128090000000000037e-01,1.471986000000000017e+00,2.074809000000000125e+00,3.547550304083151897e-03,0.000000000000000000e+00
-8.128090000000000037e-01,1.471986000000000017e+00,2.074809000000000125e+00,3.547550304083151897e-03,7.150691827427410607e-02
-8.134196000000000204e-01,1.471705000000000041e+00,2.075204999999999966e+00,3.176649184282144371e-03,5.845143683188449429e-02
-8.140566000000000191e-01,1.471632999999999969e+00,2.075388999999999928e+00,3.118349858498859969e-03,7.103048422673682860e-02
-8.145949999999999580e-01,1.471195000000000030e+00,2.075644000000000045e+00,2.856965713829962526e-03,2.838254179345528136e-02
-8.148121999999999865e-01,1.471052000000000026e+00,2.075836999999999932e+00,2.640409674652785706e-03,1.671191883285736909e-02
-8.148781999999999970e-01,1.470890999999999948e+00,2.075915000000000177e+00,2.460556898346265894e-03,0.000000000000000000e+00
-8.148781999999999970e-01,1.470890999999999948e+00,2.075915000000000177e+00,2.460556898346265894e-03,5.440939199900972356e-02
-8.149996000000000462e-01,1.471246000000000054e+00,2.076375000000000082e+00,2.755667071690629834e-03,2.084944070450121811e-02
-8.149334999999999773e-01,1.471402000000000099e+00,2.076541999999999888e+00,2.917491292189274867e-03,0.000000000000000000e+00
-8.149334999999999773e-01,1.471402000000000099e+00,2.076541999999999888e+00,2.917491292189274867e-03,2.358198833786497375e-02
-8.148613000000000106e-01,1.471514999999999906e+00,2.076775000000000038e+00,3.054134830029463579e-03,4.155397737062923452e-02
-8.145377999999999785e-01,1.471629999999999994e+00,2.077102000000000004e+00,3.263173855313192522e-03,0.000000000000000000e+00
-8.145377999999999785e-01,1.471629999999999994e+00,2.077102000000000004e+00,3.263173855313192522e-03,1.527828644994688734e-02
-8.144468999999999737e-01,1.471665999999999919e+00,2.077236999999999778e+00,3.345573469526367996e-03,1.107011146378157271e-02
-8.143662999999999874e-01,1.471713000000000049e+00,2.077329999999999899e+00,3.430654683875903384e-03,0.000000000000000000e+00
-8.143662999999999874e-01,1.471713000000000049e+00,2.077329999999999899e+00,3.430654683875903384e-03,1.512922261520778001e-02
-8.142314000000000496e-01,1.471794000000000047e+00,2.077401000000000053e+00,3.557100489162461944e-03,2.757060000559421672e-02
-8.139536000000000548e-01,1.471791999999999989e+00,2.077548000000000172e+00,3.676925238565459213e-03,0.000000000000000000e+00
-8.139536000000000548e-01,1.471791999999999989e+00,2.077548000000000172e+00,3.676925238565459213e-03,6.213751532229994795e-02
-8.133053999999999562e-01,1.472002000000000033e+00,2.077744000000000035e+00,4.166318337573337791e-03,0.000000000000000000e+00
-8.133053999999999562e-01,1.472002000000000033e+00,2.077744000000000035e+00,4.166318337573337791e-03,2.561725030648285412e-02
-8.130758000000000152e-01,1.471964999999999968e+00,2.077898999999999941e+00,4.291863605707769459e-03,1.493431341426059225e-02
-8.130359999999999809e-01,1.471964999999999968e+00,2.078056999999999821e+00,4.367895796604881996e-03,0.000000000000000000e+00
-8.130359999999999809e-01,1.471964999999999968e+00,2.078056999999999821e+00,4.367895796604881996e-03,1.705674974989008705e-02
-8.130378999999999801e-01,1.471985000000000099e+00,2.078241999999999923e+00,4.455603577518964763e-03,3.817114265583063104e-02
-8.129768000000000550e-01,1.472024999999999917e+00,2.078651999999999944e+00,4.696675570017390042e-03,0.000000000000000000e+00
-8.129768000000000550e-01,1.472024999999999917e+00,2.078651999999999944e+00,4.696675570017390042e-03,1.865260638249919764e-02
-8.128347000000000211e-01,1.472039000000000097e+00,2.078796999999999784e+00,4.843136586964977980e-03,3.298467376693200309e-02
-8.126286999999999816e-01,1.472151999999999905e+00,2.079091000000000022e+00,5.171088956883131658e-03,0.000000000000000000e+00
-8.126286999999999816e-01,1.472151999999999905e+00,2.079091000000000022e+00,5.171088956883131658e-03,6.322227673605944342e-02
-8.122778000000000498e-01,1.472302000000000000e+00,2.079628000000000032e+00,5.735216439682025609e-03,3.500759917413324290e-02
-8.121106999999999632e-01,1.472453999999999930e+00,2.079956999999999834e+00,6.105200488108270679e-03,6.510093451225966443e-02
-8.119897999999999838e-01,1.472334000000000032e+00,2.080680000000000085e+00,6.419737708816400552e-03,0.000000000000000000e+00
-8.119897999999999838e-01,1.472334000000000032e+00,2.080680000000000085e+00,6.419737708816400552e-03,6.140555379823036536e-02
-8.120694000000000523e-01,1.472104000000000079e+00,2.081336999999999993e+00,6.526274420371725588e-03,0.000000000000000000e+00
-8.120694000000000523e-01,1.472104000000000079e+00,2.081336999999999993e+00,6.526274420371725588e-03,8.204884870663368968e-02
-8.123641000000000334e-01,1.471870999999999929e+00,2.082104999999999873e+00,6.635683795962269045e-03,3.957521558028708614e-02
-8.124694999999999556e-01,1.471772999999999998e+00,2.082533000000000190e+00,6.765650647942196214e-03,0.000000000000000000e+00
-8.124694999999999556e-01,1.471772999999999998e+00,2.082533000000000190e+00,6.765650647942196214e-03,8.920087529191024489e-02
-8.124150999999999456e-01,1.471929999999999961e+00,2.083490999999999982e+00,7.320218336224616588e-03,4.827048129447098629e-02
-8.122913999999999968e-01,1.472024999999999917e+00,2.083994000000000124e+00,7.716652471117206070e-03,0.000000000000000000e+00
-8.122913999999999968e-01,1.472024999999999917e+00,2.083994000000000124e+00,7.716652471117206070e-03,4.797158236268894010e-02
-8.121709999999999763e-01,1.472224999999999895e+00,2.084436000000000178e+00,8.139366132568295192e-03,8.726238177686750086e-02
-8.118598000000000203e-01,1.472534000000000010e+00,2.085281000000000162e+00,8.987456147320001254e-03,0.000000000000000000e+00
-8.118598000000000203e-01,1.472534000000000010e+00,2.085281000000000162e+00,8.987456147320001254e-03,2.780867920408931077e-02
-8.117944999999999744e-01,1.472587000000000090e+00,2.085557999999999801e+00,9.214281250319984740e-03,3.539164371767033329e-02
-8.117383000000000237e-01,1.472706000000000071e+00,2.085920999999999914e+00,9.476421200009967419e-03,0.000000000000000000e+00
-8.117383000000000237e-01,1.472706000000000071e+00,2.085920999999999914e+00,9.476421200009967419e-03,6.923256719682807647e-02
-8.117552000000000101e-01,1.472777000000000003e+00,2.086638000000000215e+00,9.851089863055806015e-03,4.836152679499006179e-02
-8.118649000000000004e-01,1.472599999999999909e+00,2.087149000000000143e+00,9.974388101532824513e-03,7.044831493728993810e-02
-8.121536000000000310e-01,1.472617000000000065e+00,2.087899000000000171e+00,1.021315055406521455e-02,5.352085663361111356e-02
-8.124742999999999826e-01,1.472685999999999940e+00,2.088350000000000151e+00,1.021229035084697361e-02,0.000000000000000000e+00
-8.124742999999999826e-01,1.472685999999999940e+00,2.088350000000000151e+00,1.021229035084697361e-02,4.108422259329072568e-02
-8.126638000000000472e-01,1.472777000000000003e+00,2.088769000000000098e+00,1.032888936720697572e-02,1.039162220062115477e-01
-8.134181000000000328e-01,1.472922999999999982e+00,2.089532000000000167e+00,1.028487118101159212e-02,0.000000000000000000e+00
-8.134181000000000328e-01,1.472922999999999982e+00,2.089532000000000167e+00,1.028487118101159212e-02,5.348697506741895147e-02
-8.138349000000000277e-01,1.472917000000000032e+00,2.090012999999999899e+00,1.019331700134950766e-02,1.416811056733952856e-01
-8.149632999999999461e-01,1.473084999999999978e+00,2.090949999999999864e+00,9.967266975455135736e-03,0.000000000000000000e+00
-8.149632999999999461e-01,1.473084999999999978e+00,2.090949999999999864e+00,9.967266975455135736e-03,6.218125339076158858e-02
-8.155048000000000297e-01,1.473049000000000053e+00,2.091453000000000007e+00,9.776024980021242455e-03,6.871821864182166284e-02
-8.160600999999999550e-01,1.473041999999999963e+00,2.091905000000000125e+00,9.613170769314408060e-03,1.294867235606181055e-01
-8.171817999999999582e-01,1.472933999999999966e+00,2.092757000000000200e+00,9.161347349052937836e-03,0.000000000000000000e+00
-8.171817999999999582e-01,1.472933999999999966e+00,2.092757000000000200e+00,9.161347349052937836e-03,5.816534759477865607e-02
-8.177328000000000374e-01,1.472906999999999966e+00,2.093008000000000202e+00,8.878169814212742358e-03,6.574818529086129404e-02
-8.182743000000000100e-01,1.472869999999999902e+00,2.093477000000000032e+00,8.748368673072643917e-03,1.016332154019604500e-01
-8.192080999999999946e-01,1.472939999999999916e+00,2.094244000000000216e+00,8.421119462399307559e-03,5.908736742927762214e-02
-8.196871000000000018e-01,1.472901999999999934e+00,2.094628000000000156e+00,8.276187044768859580e-03,0.000000000000000000e+00
-8.196871000000000018e-01,1.472901999999999934e+00,2.094628000000000156e+00,8.276187044768859580e-03,1.109311486350872816e-01
-8.207392999999999494e-01,1.472979000000000038e+00,2.095221000000000000e+00,7.793974121717332781e-03,4.978932598778233742e-02
-8.211696000000000550e-01,1.472844999999999960e+00,2.095476999999999812e+00,7.540588077862108232e-03,0.000000000000000000e+00
-8.211696000000000550e-01,1.472844999999999960e+00,2.095476999999999812e+00,7.540588077862108232e-03,4.516071067152267748e-02
-8.216407000000000016e-01,1.472817999999999961e+00,2.095683999999999880e+00,7.312735415013805335e-03,8.562385155233667722e-02
-8.225128999999999913e-01,1.472714000000000079e+00,2.096001999999999921e+00,6.763722078855663976e-03,0.000000000000000000e+00
-8.225128999999999913e-01,1.472714000000000079e+00,2.096001999999999921e+00,6.763722078855663976e-03,5.340377585082396739e-02
-8.230965000000000087e-01,1.472609999999999975e+00,2.096143000000000089e+00,6.328040347532530585e-03,1.002330257971610766e-01
-8.241562999999999528e-01,1.472412000000000054e+00,2.096325999999999912e+00,5.575296404676566980e-03,0.000000000000000000e+00
-8.241562999999999528e-01,1.472412000000000054e+00,2.096325999999999912e+00,5.575296404676566980e-03,4.261598910793441830e-02
-8.246181000000000205e-01,1.472318000000000016e+00,2.096443999999999974e+00,5.303021180421504770e-03,4.803052405254156637e-02
-8.251300000000000301e-01,1.472204000000000068e+00,2.096436000000000188e+00,4.849363278823434591e-03,1.046338779109372424e-01
-8.262338999999999656e-01,1.472037000000000040e+00,2.096674000000000149e+00,4.005365007087547009e-03,4.447736449147544902e-02
-8.267322000000000282e-01,1.472088000000000063e+00,2.096845000000000070e+00,3.785935975422855156e-03,0.000000000000000000e+00
-8.267322000000000282e-01,1.472088000000000063e+00,2.096845000000000070e+00,3.785935975422855156e-03,4.545415969471471723e-02
-8.272209000000000367e-01,1.472110999999999947e+00,2.096925999999999846e+00,3.567546921905808202e-03,6.368059808743500860e-02
-8.279667000000000554e-01,1.472145000000000037e+00,2.097055999999999809e+00,3.150620154826611844e-03,0.000000000000000000e+00
-8.279667000000000554e-01,1.472145000000000037e+00,2.097055999999999809e+00,3.150620154826611844e-03,3.259639495487513805e-02
-8.282990000000000075e-01,1.472231000000000067e+00,2.097148999999999930e+00,2.988725462467248326e-03,4.256245597910158357e-02
-8.287196000000000007e-01,1.472291999999999934e+00,2.097383999999999915e+00,2.824812965489820801e-03,0.000000000000000000e+00
-8.287196000000000007e-01,1.472291999999999934e+00,2.097383999999999915e+00,2.824812965489820801e-03,2.730296447174618626e-02
-8.289769000000000165e-01,1.472274000000000083e+00,2.097532999999999870e+00,2.718703948575474944e-03,1.391461334066375517e-02
-8.291153999999999469e-01,1.472302999999999917e+00,2.097605000000000164e+00,2.702570740979750273e-03,3.907053335785429238e-02
-8.295219000000000342e-01,1.472278999999999893e+00,2.097731000000000012e+00,2.579351306045616927e-03,0.000000000000000000e+00
-8.295219000000000342e-01,1.472278999999999893e+00,2.097731000000000012e+00,2.579351306045616927e-03,2.772159285774727921e-02
-8.298286999999999747e-01,1.472182000000000102e+00,2.097805000000000142e+00,2.452318690545845104e-03,4.882310978971349941e-02
-8.302821999999999703e-01,1.472137000000000029e+00,2.098030000000000062e+00,2.148625830618254660e-03,1.992314714533951342e-02
-8.303720999999999464e-01,1.472048000000000023e+00,2.098206999999999933e+00,2.007138184082006473e-03,1.932449882923993612e-02
-8.305801999999999907e-01,1.472034999999999982e+00,2.098304000000000169e+00,1.877463011619599602e-03,0.000000000000000000e+00
-8.305801999999999907e-01,1.472034999999999982e+00,2.098304000000000169e+00,1.877463011619599602e-03,5.795678013787969318e-02
-8.309974999999999445e-01,1.472032999999999925e+00,2.098816999999999933e+00,1.767798599954016701e-03,1.839612677067250027e-02
-8.311410000000000187e-01,1.472013999999999934e+00,2.098968999999999863e+00,1.760440013178290975e-03,0.000000000000000000e+00
-8.311410000000000187e-01,1.472013999999999934e+00,2.098968999999999863e+00,1.760440013178290975e-03,2.593379547538414778e-02
-8.311908000000000074e-01,1.472064000000000039e+00,2.099242999999999970e+00,1.910979591727643596e-03,5.558955664127591262e-02
-8.309201999999999977e-01,1.472012000000000098e+00,2.099845000000000184e+00,2.230635658282220310e-03,0.000000000000000000e+00
-8.309201999999999977e-01,1.472012000000000098e+00,2.099845000000000184e+00,2.230635658282220310e-03,4.188294986904313177e-02
-8.308510999999999536e-01,1.472053999999999974e+00,2.100315999999999850e+00,2.331533420305161551e-03,1.020552420811631084e-01
-8.306069000000000369e-01,1.472466999999999970e+00,2.101376999999999828e+00,3.077281308232795477e-03,0.000000000000000000e+00
-8.306069000000000369e-01,1.472466999999999970e+00,2.101376999999999828e+00,3.077281308232795477e-03,6.669732112059603701e-02
-8.304264999999999564e-01,1.472815999999999903e+00,2.102027999999999786e+00,3.715144951411522567e-03,6.819551273546274606e-02
-8.304312000000000360e-01,1.473235999999999990e+00,2.102682999999999858e+00,4.256549160998728334e-03,0.000000000000000000e+00
-8.304312000000000360e-01,1.473235999999999990e+00,2.102682999999999858e+00,4.256549160998728334e-03,1.738720910074673109e-01
-8.302823999999999760e-01,1.474210000000000020e+00,2.104305999999999788e+00,5.481642359731146892e-03,0.000000000000000000e+00
-8.302823999999999760e-01,1.474210000000000020e+00,2.104305999999999788e+00,5.481642359731146892e-03,9.652832258447602287e-02
-8.305304000000000020e-01,1.474704999999999933e+00,2.105202999999999935e+00,5.938688010831969129e-03,5.074498141329296386e-02
-8.308126999999999596e-01,1.474790000000000045e+00,2.105729999999999880e+00,5.955797931427826014e-03,0.000000000000000000e+00
-8.308126999999999596e-01,1.474790000000000045e+00,2.105729999999999880e+00,5.955797931427826014e-03,6.456302091782695207e-02
-8.310807000000000055e-01,1.474976999999999983e+00,2.106354000000000060e+00,6.145183642495966395e-03,1.223722835546652010e-01
-8.316537999999999986e-01,1.475605999999999973e+00,2.107460999999999807e+00,6.455856473776198229e-03,0.000000000000000000e+00
-8.316537999999999986e-01,1.475605999999999973e+00,2.107460999999999807e+00,6.455856473776198229e-03,5.881935253266892816e-02
-8.319682999999999939e-01,1.475786999999999960e+00,2.107991000000000170e+00,6.552169195007092987e-03,6.459553343730158048e-02
-8.323137999999999925e-01,1.476175999999999933e+00,2.108417000000000208e+00,6.699588730661061413e-03,1.238375894694689616e-01
-8.333101000000000536e-01,1.476525000000000087e+00,2.109446999999999850e+00,6.511216538405071620e-03,0.000000000000000000e+00
-8.333101000000000536e-01,1.476525000000000087e+00,2.109446999999999850e+00,6.511216538405071620e-03,7.173967362995094244e-02
-8.339016000000000206e-01,1.476639999999999953e+00,2.110001000000000015e+00,6.345062414192639659e-03,1.835512299531731617e-01
-8.354553999999999592e-01,1.477108000000000088e+00,2.111324999999999896e+00,5.930022149199814900e-03,0.000000000000000000e+00
-8.354553999999999592e-01,1.477108000000000088e+00,2.111324999999999896e+00,5.930022149199814900e-03,1.533908605134055581e-01
-8.367402999999999924e-01,1.477338999999999958e+00,2.112372000000000138e+00,5.509871454035982809e-03,0.000000000000000000e+00
-8.367402999999999924e-01,1.477338999999999958e+00,2.112372000000000138e+00,5.509871454035982809e-03,1.405246416633603723e-01
-8.379480999999999735e-01,1.477579999999999893e+00,2.113284999999999858e+00,4.982947301547339773e-03,7.089100583414555123e-02
-8.385869999999999713e-01,1.477681000000000022e+00,2.113709000000000060e+00,4.803493203908985876e-03,0.000000000000000000e+00
-8.385869999999999713e-01,1.477681000000000022e+00,2.113709000000000060e+00,4.803493203908985876e-03,1.422321904115818048e-01
-8.398708999999999758e-01,1.477762000000000020e+00,2.114441999999999933e+00,4.026843315799531926e-03,8.052084973434990578e-02
-8.405582999999999805e-01,1.478005999999999931e+00,2.114933000000000174e+00,3.918719593183451338e-03,0.000000000000000000e+00
-8.405582999999999805e-01,1.478005999999999931e+00,2.114933000000000174e+00,3.918719593183451338e-03,7.349897558333974568e-02
-8.412220000000000253e-01,1.478201000000000098e+00,2.115340000000000220e+00,3.559096407797967144e-03,1.462905932573812795e-01
-8.425230999999999693e-01,1.478607000000000005e+00,2.116300999999999988e+00,3.198211952013193821e-03,0.000000000000000000e+00
-8.425230999999999693e-01,1.478607000000000005e+00,2.116300999999999988e+00,3.198211952013193821e-03,6.496401735130528932e-02
-8.431821000000000454e-01,1.478758999999999935e+00,2.116512999999999867e+00,2.825050811932293491e-03,6.371560303810132331e-02
-8.437696000000000085e-01,1.478996999999999895e+00,2.116868999999999890e+00,2.737893321515492105e-03,0.000000000000000000e+00
-8.437696000000000085e-01,1.478996999999999895e+00,2.116868999999999890e+00,2.737893321515492105e-03,9.857489871586293251e-02
-8.447031999999999874e-01,1.479133999999999949e+00,2.117386999999999908e+00,2.312118076569543833e-03,4.325713095408847270e-02
-8.450817999999999941e-01,1.478876999999999997e+00,2.117572000000000010e+00,1.849313050838003293e-03,4.138171604600022341e-02
-8.453732000000000468e-01,1.478533000000000097e+00,2.117595999999999812e+00,1.398025750835790466e-03,2.412236398459789710e-02
-8.455346000000000251e-01,1.478326000000000029e+00,2.117576999999999821e+00,1.139062403909421248e-03,0.000000000000000000e+00
-8.455346000000000251e-01,1.478326000000000029e+00,2.117576999999999821e+00,1.139062403909421248e-03,1.910382882911752095e-02
-8.457565000000000222e-01,1.478296999999999972e+00,2.117617000000000083e+00,9.753893017661036504e-04,5.373852736368518040e-02
-8.462794000000000150e-01,1.478182000000000107e+00,2.117780999999999914e+00,6.957830408970797249e-04,0.000000000000000000e+00
-8.462794000000000150e-01,1.478182000000000107e+00,2.117780999999999914e+00,6.957830408970797249e-04,3.484435914979525095e-02
-8.466620000000000257e-01,1.478177999999999992e+00,2.117888999999999911e+00,7.991006444746569801e-04,5.182525002471745357e-02
-8.472085000000000310e-01,1.478153999999999968e+00,2.118031999999999915e+00,1.172729930546575735e-03,2.611682026782083041e-02
-8.474705000000000155e-01,1.478193000000000090e+00,2.118136999999999937e+00,1.117329476922536424e-03,0.000000000000000000e+00
-8.474705000000000155e-01,1.478193000000000090e+00,2.118136999999999937e+00,1.117329476922536424e-03,2.500464180723598745e-02
-8.477230000000000043e-01,1.478232999999999908e+00,2.118088000000000193e+00,1.184842356602531978e-03,6.778965289550642481e-02
-8.481959999999999500e-01,1.478679999999999994e+00,2.118506000000000000e+00,1.089655913579995646e-03,0.000000000000000000e+00
-8.481959999999999500e-01,1.478679999999999994e+00,2.118506000000000000e+00,1.089655913579995646e-03,3.261452174042993313e-02
-8.484764000000000195e-01,1.478871999999999964e+00,2.118508999999999975e+00,1.355473810149045123e-03,3.909821857971740311e-02
-8.487405999999999562e-01,1.479052999999999951e+00,2.118818999999999786e+00,1.517463044031050218e-03,6.041909458374299796e-02
-8.492458000000000506e-01,1.479209999999999914e+00,2.119260999999999839e+00,1.623882581962311561e-03,3.514764592120411119e-02
-8.495829000000000297e-01,1.479246999999999979e+00,2.119439999999999991e+00,1.618927326966886548e-03,0.000000000000000000e+00
-8.495829000000000297e-01,1.479246999999999979e+00,2.119439999999999991e+00,1.618927326966886548e-03,6.111877488923588703e-02
-8.502404999999999546e-01,1.479254000000000069e+00,2.119672000000000001e+00,1.914136413634096468e-03,4.646262329807220731e-02
-8.507278000000000340e-01,1.479305000000000092e+00,2.119801999999999964e+00,2.271060862240464884e-03,0.000000000000000000e+00
-8.507278000000000340e-01,1.479305000000000092e+00,2.119801999999999964e+00,2.271060862240464884e-03,3.518855382046787161e-02
-8.510661000000000476e-01,1.479281999999999986e+00,2.120016999999999818e+00,2.504034794087473328e-03,9.312693698853907742e-02
-8.519752000000000436e-01,1.479403999999999941e+00,2.120454000000000061e+00,2.867514080174782005e-03,0.000000000000000000e+00
-8.519752000000000436e-01,1.479403999999999941e+00,2.120454000000000061e+00,2.867514080174782005e-03,3.009594985956119337e-02
-8.522663000000000322e-01,1.479432000000000080e+00,2.120633999999999908e+00,2.977464191220586653e-03,8.278474696413445910e-02
-8.530765000000000153e-01,1.479549000000000003e+00,2.120906000000000180e+00,3.527819169118491961e-03,0.000000000000000000e+00
-8.530765000000000153e-01,1.479549000000000003e+00,2.120906000000000180e+00,3.527819169118491961e-03,3.917072025393812662e-02
-8.534553000000000278e-01,1.479387999999999925e+00,2.121020999999999823e+00,3.858107153773853402e-03,3.646933082700107298e-02
-8.538381999999999916e-01,1.479319999999999968e+00,2.121167999999999942e+00,4.162524859985767406e-03,9.180666101173512450e-02
-8.546924999999999661e-01,1.479214999999999947e+00,2.121681999999999846e+00,4.551481433555435926e-03,3.794001137709714783e-02
-8.550223999999999602e-01,1.479235000000000078e+00,2.121961000000000208e+00,4.695808728003937615e-03,0.000000000000000000e+00
-8.550223999999999602e-01,1.479235000000000078e+00,2.121961000000000208e+00,4.695808728003937615e-03,3.737543419001315009e-02
-8.553338000000000330e-01,1.479341999999999935e+00,2.122231999999999896e+00,4.831503104624914648e-03,6.819659680393962142e-02
-8.558023000000000158e-01,1.479301999999999895e+00,2.122851999999999961e+00,5.037070176203842578e-03,0.000000000000000000e+00
-8.558023000000000158e-01,1.479301999999999895e+00,2.122851999999999961e+00,5.037070176203842578e-03,3.331486819003520033e-02
-8.560953000000000035e-01,1.479522999999999922e+00,2.122951000000000032e+00,5.098997485781062156e-03,7.645656625368806025e-02
-8.568158000000000163e-01,1.479643000000000042e+00,2.123428000000000093e+00,5.435014904303471679e-03,3.572902413651993236e-02
-8.571695999999999760e-01,1.479726000000000097e+00,2.123568999999999818e+00,5.660925426995238458e-03,0.000000000000000000e+00
-8.571695999999999760e-01,1.479726000000000097e+00,2.123568999999999818e+00,5.660925426995238458e-03,2.359184464290387667e-02
-8.573482000000000047e-01,1.479767000000000055e+00,2.123781999999999837e+00,5.742744142829411640e-03,6.875196645848548338e-02
-8.580276999999999488e-01,1.479802000000000062e+00,2.124003999999999781e+00,6.198225343596425532e-03,0.000000000000000000e+00
-8.580276999999999488e-01,1.479802000000000062e+00,2.124003999999999781e+00,6.198225343596425532e-03,5.701179158034270361e-02
-8.586568999999999452e-01,1.479910999999999976e+00,2.124127999999999794e+00,6.582889311692954187e-03,6.958686409763291392e-02
-8.592843999999999482e-01,1.480202999999999935e+00,2.124439999999999884e+00,6.867846637775260922e-03,4.397785008930267525e-02
-8.597350000000000270e-01,1.480321999999999916e+00,2.124626000000000126e+00,7.158187295677649782e-03,3.252054844062197969e-02
-8.600959999999999717e-01,1.480391000000000012e+00,2.124575000000000102e+00,7.472304675265847504e-03,0.000000000000000000e+00
-8.600959999999999717e-01,1.480391000000000012e+00,2.124575000000000102e+00,7.472304675265847504e-03,5.645035123975492702e-02
-8.606565000000000465e-01,1.480507999999999935e+00,2.124870000000000037e+00,7.732006676148261981e-03,3.399400927933878686e-02
-8.608820000000000361e-01,1.480636000000000063e+00,2.125157999999999880e+00,7.739392656404070307e-03,0.000000000000000000e+00
-8.608820000000000361e-01,1.480636000000000063e+00,2.125157999999999880e+00,7.739392656404070307e-03,2.379500701273718280e-02
-8.610352999999999479e-01,1.480726999999999904e+00,2.125377999999999989e+00,7.744893543490469733e-03,5.695526973932682480e-02
-8.614197000000000104e-01,1.481022000000000061e+00,2.125767000000000184e+00,7.829494425567923993e-03,0.000000000000000000e+00
-8.614197000000000104e-01,1.481022000000000061e+00,2.125767000000000184e+00,7.829494425567923993e-03,2.454191925549022851e-02
-8.615201000000000109e-01,1.481173000000000073e+00,2.125964000000000187e+00,7.805766217354908817e-03,3.863744682511734835e-02
-8.617219999999999880e-01,1.481305000000000094e+00,2.126332999999999807e+00,7.762408919916648220e-03,0.000000000000000000e+00
-8.617219999999999880e-01,1.481305000000000094e+00,2.126332999999999807e+00,7.762408919916648220e-03,3.456059433714311208e-02
-8.618959999999999955e-01,1.481422999999999934e+00,2.126646000000000036e+00,7.717217558161826828e-03,3.531507322780544356e-02
-8.621305999999999692e-01,1.481513000000000080e+00,2.126961000000000102e+00,7.751946287223583469e-03,0.000000000000000000e+00
-8.621305999999999692e-01,1.481513000000000080e+00,2.126961000000000102e+00,7.751946287223583469e-03,7.979524638612162102e-02
-8.624349000000000043e-01,1.481830999999999898e+00,2.127758000000000038e+00,7.639539201417936895e-03,4.375508155509960639e-02
-8.623537999999999482e-01,1.481972000000000067e+00,2.128229999999999844e+00,7.376735117923084208e-03,9.832317148351743530e-02
-8.620877000000000123e-01,1.482407999999999948e+00,2.129116999999999926e+00,6.630109487029661741e-03,7.315695845406960940e-02
-8.616494999999999571e-01,1.482828000000000035e+00,2.129690000000000083e+00,5.899623487138740477e-03,0.000000000000000000e+00
-8.616494999999999571e-01,1.482828000000000035e+00,2.129690000000000083e+00,5.899623487138740477e-03,7.162009082903361690e-02
-8.613465000000000149e-01,1.483295999999999948e+00,2.130184999999999995e+00,5.303921105182505570e-03,1.211532826085029435e-01
-8.607186999999999477e-01,1.484051000000000009e+00,2.131158000000000108e+00,4.271715411869127059e-03,4.496607883694510310e-02
-8.604545999999999584e-01,1.484356999999999926e+00,2.131473999999999869e+00,3.791562639598765935e-03,0.000000000000000000e+00
-8.604545999999999584e-01,1.484356999999999926e+00,2.131473999999999869e+00,3.791562639598765935e-03,5.198112655397710280e-02
-8.602406999999999693e-01,1.484579000000000093e+00,2.131949999999999790e+00,3.383619210254034271e-03,1.163793799395109602e-01
-8.603933000000000275e-01,1.485233999999999943e+00,2.133094999999999963e+00,3.062783446474828374e-03,0.000000000000000000e+00
-8.603933000000000275e-01,1.485233999999999943e+00,2.133094999999999963e+00,3.062783446474828374e-03,6.568719057476347933e-02
-8.603661000000000225e-01,1.485816999999999943e+00,2.133512000000000075e+00,2.682603819053474767e-03,1.163733487620107893e-01
-8.602182999999999913e-01,1.486480999999999941e+00,2.134650999999999854e+00,2.134281070993181411e-03,0.000000000000000000e+00
-8.602182999999999913e-01,1.486480999999999941e+00,2.134650999999999854e+00,2.134281070993181411e-03,5.528269818071301911e-02
-8.604619999999999491e-01,1.486784000000000106e+00,2.135076000000000196e+00,2.245638831156920086e-03,5.845620740266675719e-02
-8.610138999999999987e-01,1.486912000000000011e+00,2.135428000000000104e+00,2.521096594738060463e-03,1.209882330017391511e-01
-8.620818000000000092e-01,1.486834999999999907e+00,2.136200000000000099e+00,3.219380575514534885e-03,5.003491522756278037e-02
-8.624735000000000040e-01,1.486790999999999974e+00,2.136613000000000095e+00,3.621000463960188064e-03,0.000000000000000000e+00
-8.624735000000000040e-01,1.486790999999999974e+00,2.136613000000000095e+00,3.621000463960188064e-03,1.587754730673976156e-01
-8.638582000000000205e-01,1.486914000000000069e+00,2.137509999999999799e+00,4.457761255383684007e-03,6.113584383077964174e-02
-8.644207000000000418e-01,1.486860000000000070e+00,2.137919000000000125e+00,4.928119941722280788e-03,0.000000000000000000e+00
-8.644207000000000418e-01,1.486860000000000070e+00,2.137919000000000125e+00,4.928119941722280788e-03,6.818785281458328296e-02
-8.651254000000000444e-01,1.486917999999999962e+00,2.138148000000000160e+00,5.417779712207012287e-03,1.495619933561100623e-01
-8.666104999999999503e-01,1.487170000000000103e+00,2.138949999999999907e+00,6.234438727744321534e-03,0.000000000000000000e+00
-8.666104999999999503e-01,1.487170000000000103e+00,2.138949999999999907e+00,6.234438727744321534e-03,7.014174541817431996e-02
-8.672149000000000107e-01,1.487327999999999983e+00,2.139327999999999896e+00,6.613850891122340092e-03,5.873872513256517269e-02
-8.676660000000000483e-01,1.487678000000000056e+00,2.139679000000000109e+00,6.704706795229694975e-03,0.000000000000000000e+00
-8.676660000000000483e-01,1.487678000000000056e+00,2.139679000000000109e+00,6.704706795229694975e-03,1.006090686470081236e-01
-8.682879999999999487e-01,1.488316999999999890e+00,2.140318999999999861e+00,6.711954544691111670e-03,4.859201676420030203e-02
-8.684722999999999749e-01,1.488720999999999961e+00,2.140651000000000082e+00,6.636656390080757952e-03,1.126766828995560132e-01
-8.690156999999999465e-01,1.489649999999999919e+00,2.141245000000000065e+00,6.370505465816760429e-03,5.647200064607150322e-02
-8.691119999999999957e-01,1.490094000000000030e+00,2.141662000000000177e+00,6.187920180480753138e-03,0.000000000000000000e+00
-8.691119999999999957e-01,1.490094000000000030e+00,2.141662000000000177e+00,6.187920180480753138e-03,5.606293342432226018e-02
-8.691976000000000147e-01,1.490626999999999924e+00,2.142053999999999903e+00,5.995107341824770265e-03,1.293127346201624339e-01
-8.693758999999999793e-01,1.491749999999999909e+00,2.142777000000000154e+00,5.339524402041854675e-03,5.476588566128293839e-02
-8.694066999999999767e-01,1.492294999999999927e+00,2.143079999999999874e+00,5.056386160094926419e-03,0.000000000000000000e+00
-8.694066999999999767e-01,1.492294999999999927e+00,2.143079999999999874e+00,5.056386160094926419e-03,1.013658246064024909e-01
-8.694773000000000085e-01,1.493184000000000067e+00,2.143645999999999940e+00,4.580820511654936505e-03,5.627107158393217928e-02
-8.693391999999999786e-01,1.493719000000000019e+00,2.143972999999999907e+00,4.130726842820604469e-03,0.000000000000000000e+00
-8.693391999999999786e-01,1.493719000000000019e+00,2.143972999999999907e+00,4.130726842820604469e-03,5.922325614344033096e-02
-8.693212999999999635e-01,1.494242000000000070e+00,2.144352000000000036e+00,3.840984425898983159e-03,1.150361074280200624e-01
-8.693144000000000426e-01,1.495502000000000109e+00,2.144890000000000185e+00,3.117901988517308119e-03,0.000000000000000000e+00
-8.693144000000000426e-01,1.495502000000000109e+00,2.144890000000000185e+00,3.117901988517308119e-03,5.977924370211658289e-02
-8.693003999999999731e-01,1.496110999999999969e+00,2.145122999999999891e+00,2.658565329270713880e-03,5.871459092291498455e-02
-8.692636000000000251e-01,1.496709999999999985e+00,2.145347000000000115e+00,2.282716585562190054e-03,1.085849857871916679e-01
-8.695812000000000541e-01,1.497843999999999953e+00,2.145732000000000195e+00,1.872741615920437298e-03,6.477284885208026144e-02
-8.696047999999999556e-01,1.498529999999999918e+00,2.145900000000000141e+00,1.311179331746859791e-03,0.000000000000000000e+00
-8.696047999999999556e-01,1.498529999999999918e+00,2.145900000000000141e+00,1.311179331746859791e-03,9.217138643757924465e-02
-8.698835000000000317e-01,1.499473000000000056e+00,2.146272999999999875e+00,1.226739014623624922e-03,5.193765306911540813e-02
-8.699839000000000322e-01,1.499976999999999894e+00,2.146440999999999821e+00,1.061577698522515401e-03,0.000000000000000000e+00
-8.699839000000000322e-01,1.499976999999999894e+00,2.146440999999999821e+00,1.061577698522515401e-03,3.921807622820814437e-02
-8.700736000000000026e-01,1.500362999999999891e+00,2.146647999999999890e+00,6.524614624636083287e-04,8.894701886778624833e-02
-8.703815999999999775e-01,1.501147999999999927e+00,2.147130000000000205e+00,6.127287817623601343e-04,0.000000000000000000e+00
-8.703815999999999775e-01,1.501147999999999927e+00,2.147130000000000205e+00,6.127287817623601343e-04,4.475088416751968334e-02
-8.706800999999999569e-01,1.501508000000000065e+00,2.147334999999999994e+00,1.089224040314871198e-03,7.001812974037480153e-02
-8.711938999999999655e-01,1.501981999999999928e+00,2.147642999999999969e+00,5.957802950753127809e-04,0.000000000000000000e+00
-8.711938999999999655e-01,1.501981999999999928e+00,2.147642999999999969e+00,5.957802950753127809e-04,3.811248645634138232e-02
-8.715414999999999690e-01,1.502205000000000013e+00,2.147778000000000187e+00,6.719925594825248158e-04,4.174143378167492063e-02
-8.719029000000000362e-01,1.502443999999999891e+00,2.147816000000000169e+00,9.862329136669600958e-04,0.000000000000000000e+00
-8.719029000000000362e-01,1.502443999999999891e+00,2.147816000000000169e+00,9.862329136669600958e-04,1.206126108547856679e-01
-8.729343000000000519e-01,1.503135000000000110e+00,2.148407000000000178e+00,1.415957541736203879e-03,0.000000000000000000e+00
-8.729343000000000519e-01,1.503135000000000110e+00,2.148407000000000178e+00,1.415957541736203879e-03,4.192595147475738221e-02
-8.733541999999999694e-01,1.503273000000000081e+00,2.148590000000000000e+00,1.613562298146498184e-03,9.896405145847980700e-02
-8.742976000000000081e-01,1.503579999999999917e+00,2.149016000000000037e+00,2.369939132129806388e-03,5.918633820903243525e-02
-8.748097000000000234e-01,1.503595999999999933e+00,2.149408999999999903e+00,2.682009537641699779e-03,0.000000000000000000e+00
-8.748097000000000234e-01,1.503595999999999933e+00,2.149408999999999903e+00,2.682009537641699779e-03,1.375622366077028091e-01
-8.760790999999999995e-01,1.503965999999999914e+00,2.150119000000000113e+00,3.418375345101893215e-03,7.010910565611726264e-02
-8.766882000000000286e-01,1.504115000000000091e+00,2.150557000000000052e+00,3.945012117852127707e-03,0.000000000000000000e+00
-8.766882000000000286e-01,1.504115000000000091e+00,2.150557000000000052e+00,3.945012117852127707e-03,5.830973757487604991e-02
-8.771484000000000503e-01,1.504340999999999928e+00,2.150980999999999810e+00,4.082411695309521096e-03,1.182804744592748369e-01
-8.780050000000000354e-01,1.504999999999999893e+00,2.151571000000000122e+00,4.463645641177190794e-03,0.000000000000000000e+00
-8.780050000000000354e-01,1.504999999999999893e+00,2.151571000000000122e+00,4.463645641177190794e-03,7.548528482056394984e-02
-8.787447999999999926e-01,1.505287999999999959e+00,2.151905000000000179e+00,4.934816122207589389e-03,1.258411166855732399e-01
-8.796787000000000356e-01,1.505830000000000002e+00,2.152648999999999813e+00,5.391113359038200541e-03,0.000000000000000000e+00
-8.796787000000000356e-01,1.505830000000000002e+00,2.152648999999999813e+00,5.391113359038200541e-03,1.299487450748518513e-01
-8.808848999999999707e-01,1.506083999999999978e+00,2.153472999999999971e+00,6.292710007619930698e-03,0.000000000000000000e+00
-8.808848999999999707e-01,1.506083999999999978e+00,2.153472999999999971e+00,6.292710007619930698e-03,1.536745430126619238e-01
-8.819367999999999652e-01,1.506561999999999957e+00,2.154689999999999994e+00,7.014520725609116845e-03,8.380033852649861059e-02
-8.824319999999999942e-01,1.506958999999999937e+00,2.155403999999999876e+00,7.244812292944574628e-03,0.000000000000000000e+00
-8.824319999999999942e-01,1.506958999999999937e+00,2.155403999999999876e+00,7.244812292944574628e-03,5.512972783846918634e-02
-8.828036999999999690e-01,1.507104999999999917e+00,2.155889999999999862e+00,7.521077229360201115e-03,6.426173568574239381e-02
-8.831246000000000373e-01,1.507382999999999917e+00,2.156486999999999821e+00,7.753787773727170707e-03,0.000000000000000000e+00
-8.831246000000000373e-01,1.507382999999999917e+00,2.156486999999999821e+00,7.753787773727170707e-03,3.378299211178894396e-02
-8.832141999999999493e-01,1.507408999999999999e+00,2.156861000000000139e+00,7.916376901083002626e-03,9.408123217848685105e-02
-8.831092999999999860e-01,1.508293000000000106e+00,2.157372000000000067e+00,7.396902006245595525e-03,0.000000000000000000e+00
-8.831092999999999860e-01,1.508293000000000106e+00,2.157372000000000067e+00,7.396902006245595525e-03,4.112144951946513499e-02
-8.830738000000000198e-01,1.508609000000000089e+00,2.157716999999999885e+00,7.266693831447682689e-03,5.667697004022447665e-02
-8.833908999999999789e-01,1.509131999999999918e+00,2.157808000000000170e+00,7.224142178141430663e-03,0.000000000000000000e+00
-8.833908999999999789e-01,1.509131999999999918e+00,2.157808000000000170e+00,7.224142178141430663e-03,9.057679499962276171e-02
-8.832978999999999692e-01,1.510138999999999898e+00,2.158021000000000189e+00,6.641145289782564472e-03,5.817015743352216967e-02
-8.835155999999999565e-01,1.510755000000000070e+00,2.158138000000000112e+00,6.418318550056497859e-03,6.068051639762329225e-02
-8.834410000000000318e-01,1.511382000000000003e+00,2.158119999999999816e+00,5.984652893025597942e-03,1.158877506769918075e-01
-8.832448000000000521e-01,1.512680999999999942e+00,2.158269999999999911e+00,5.198912370871479338e-03,4.596817340035368182e-02
-8.831662999999999597e-01,1.513222000000000067e+00,2.158300000000000107e+00,4.775307706315839486e-03,0.000000000000000000e+00
-8.831662999999999597e-01,1.513222000000000067e+00,2.158300000000000107e+00,4.775307706315839486e-03,1.150618715577147455e-01
-8.829434000000000449e-01,1.514505999999999908e+00,2.158449000000000062e+00,3.884984123519806976e-03,5.741558718075510243e-02
-8.828561000000000325e-01,1.515155000000000030e+00,2.158468000000000053e+00,3.541437172956841701e-03,0.000000000000000000e+00
-8.828561000000000325e-01,1.515155000000000030e+00,2.158468000000000053e+00,3.541437172956841701e-03,5.871250003750543012e-02
-8.827068999999999610e-01,1.515773000000000037e+00,2.158551000000000109e+00,3.098344228777662884e-03,1.226709809057371092e-01
-8.825387999999999566e-01,1.517160000000000064e+00,2.158611000000000057e+00,2.127470622593850402e-03,0.000000000000000000e+00
-8.825387999999999566e-01,1.517160000000000064e+00,2.158611000000000057e+00,2.127470622593850402e-03,6.094653289391943618e-02
-8.824176999999999715e-01,1.517843999999999971e+00,2.158625999999999934e+00,1.821429482576796292e-03,1.231763583232364373e-01
-8.820426000000000100e-01,1.519134999999999902e+00,2.158583000000000141e+00,1.025052701084128073e-03,0.000000000000000000e+00
-8.820426000000000100e-01,1.519134999999999902e+00,2.158583000000000141e+00,1.025052701084128073e-03,5.841063948130097161e-02
-8.819749000000000061e-01,1.519797999999999982e+00,2.158577000000000190e+00,7.845318667841261239e-04,6.026546170646999989e-02
-8.817648999999999626e-01,1.520448999999999939e+00,2.158640999999999810e+00,9.385324981055539334e-04,1.362182805878561775e-01
-8.817692000000000307e-01,1.521835000000000049e+00,2.158946999999999949e+00,1.384173890810157454e-03,6.766474456634485879e-02
-8.821020000000000527e-01,1.522507999999999972e+00,2.159126999999999796e+00,1.467313477073158359e-03,0.000000000000000000e+00
-8.821020000000000527e-01,1.522507999999999972e+00,2.159126999999999796e+00,1.467313477073158359e-03,1.143043036126584477e-01
-8.822942000000000284e-01,1.523681999999999981e+00,2.159184999999999910e+00,2.093865614121528679e-03,5.371475839614887199e-02
-8.824625000000000385e-01,1.524277000000000104e+00,2.159346999999999905e+00,2.112218937515894686e-03,0.000000000000000000e+00
-8.824625000000000385e-01,1.524277000000000104e+00,2.159346999999999905e+00,2.112218937515894686e-03,5.623415619601909721e-02
-8.825914999999999733e-01,1.524828000000000072e+00,2.159584000000000170e+00,2.248770206134930068e-03,1.115013784458060292e-01
-8.830561999999999578e-01,1.525941999999999910e+00,2.159985999999999962e+00,2.332295712383162731e-03,0.000000000000000000e+00
-8.830561999999999578e-01,1.525941999999999910e+00,2.159985999999999962e+00,2.332295712383162731e-03,7.304538059800264049e-02
-8.832653000000000310e-01,1.526610000000000023e+00,2.160366999999999926e+00,2.364521507620737616e-03,5.796297078708840395e-02
-8.835522999999999572e-01,1.527117000000000058e+00,2.160680000000000156e+00,2.428989627396606777e-03,1.183696106088040351e-01
-8.842018000000000377e-01,1.528054999999999941e+00,2.161284999999999901e+00,2.032783795685256644e-03,0.000000000000000000e+00
-8.842018000000000377e-01,1.528054999999999941e+00,2.161284999999999901e+00,2.032783795685256644e-03,6.697752267946271987e-02
-8.845633999999999997e-01,1.528740999999999906e+00,2.161471999999999838e+00,2.281698860498629789e-03,1.783990006949538742e-01
-8.855920000000000458e-01,1.530078999999999967e+00,2.162246999999999808e+00,1.930894686408515587e-03,0.000000000000000000e+00
-8.855920000000000458e-01,1.530078999999999967e+00,2.162246999999999808e+00,1.930894686408515587e-03,1.577503575222753973e-01
-8.864440999999999571e-01,1.531522000000000050e+00,2.162638999999999978e+00,1.877605456425954829e-03,0.000000000000000000e+00
-8.864440999999999571e-01,1.531522000000000050e+00,2.162638999999999978e+00,1.877605456425954829e-03,1.449631811056324993e-01
-8.872628000000000181e-01,1.532780999999999949e+00,2.163135000000000030e+00,1.752726130916954818e-03,6.912458117266109814e-02
-8.877511000000000152e-01,1.533415999999999890e+00,2.163321999999999967e+00,1.924534748971614426e-03,0.000000000000000000e+00
-8.877511000000000152e-01,1.533415999999999890e+00,2.163321999999999967e+00,1.924534748971614426e-03,5.662518536989045309e-02
-8.880782000000000398e-01,1.533841000000000010e+00,2.163568000000000158e+00,1.855281121555455229e-03,1.274952222496972543e-01
-8.888534999999999631e-01,1.535023999999999944e+00,2.163908000000000165e+00,1.895380766495209863e-03,0.000000000000000000e+00
-8.888534999999999631e-01,1.535023999999999944e+00,2.163908000000000165e+00,1.895380766495209863e-03,9.524622531038973161e-02
-8.893501999999999796e-01,1.535803999999999947e+00,2.164381999999999806e+00,1.662507566900337788e-03,1.514748363178423096e-01
-8.903887000000000329e-01,1.537045999999999912e+00,2.164986999999999995e+00,1.821416209986262934e-03,0.000000000000000000e+00
-8.903887000000000329e-01,1.537045999999999912e+00,2.164986999999999995e+00,1.821416209986262934e-03,8.035117038904698861e-02
-8.907386999999999944e-01,1.537816999999999990e+00,2.165214000000000194e+00,1.633626337324439433e-03,5.612537832709899727e-02
-8.909411000000000413e-01,1.538418999999999981e+00,2.165296000000000110e+00,1.826491798503480099e-03,0.000000000000000000e+00
-8.909411000000000413e-01,1.538418999999999981e+00,2.165296000000000110e+00,1.826491798503480099e-03,1.099891475728835971e-01
-8.913702999999999488e-01,1.539465000000000083e+00,2.164893999999999874e+00,2.418417838174629492e-03,4.588701720964436653e-02
-8.914967000000000308e-01,1.539916000000000063e+00,2.164660000000000029e+00,2.701505254483268104e-03,6.364130815203519753e-02
-8.917291000000000523e-01,1.540529999999999955e+00,2.164433999999999969e+00,3.121245994791335601e-03,4.247300362557984710e-02
-8.919861000000000040e-01,1.540893000000000068e+00,2.164304000000000006e+00,3.450022168044855880e-03,0.000000000000000000e+00
-8.919861000000000040e-01,1.540893000000000068e+00,2.164304000000000006e+00,3.450022168044855880e-03,2.992318520690971650e-02
-8.922328999999999954e-01,1.541115999999999930e+00,2.164226999999999901e+00,3.641142699757879669e-03,7.607239968777144978e-02
-8.928652000000000255e-01,1.541593999999999909e+00,2.164232999999999851e+00,3.801419683486731947e-03,0.000000000000000000e+00
-8.928652000000000255e-01,1.541593999999999909e+00,2.164232999999999851e+00,3.801419683486731947e-03,2.563230594788013655e-02
-8.931381999999999932e-01,1.541641999999999957e+00,2.164196000000000009e+00,3.943247774360515365e-03,2.404180994786700096e-02
-8.933927999999999869e-01,1.541657999999999973e+00,2.164134999999999920e+00,4.110217786200600493e-03,7.422802294395168532e-02
-8.940791999999999629e-01,1.542151000000000050e+00,2.164191000000000198e+00,4.472810057446842229e-03,0.000000000000000000e+00
-8.940791999999999629e-01,1.542151000000000050e+00,2.164191000000000198e+00,4.472810057446842229e-03,4.772426555409450127e-02
-8.944954999999999989e-01,1.542440999999999951e+00,2.164073999999999831e+00,4.865214367322392638e-03,7.148169856376637710e-02
-8.952314999999999579e-01,1.542640999999999929e+00,2.164360999999999979e+00,4.991024569164032032e-03,0.000000000000000000e+00
-8.952314999999999579e-01,1.542640999999999929e+00,2.164360999999999979e+00,4.991024569164032032e-03,5.176661034771769254e-02
-8.955821999999999949e-01,1.542802999999999924e+00,2.164772999999999836e+00,4.882871229102841298e-03,4.166341504947449620e-02
-8.959886999999999713e-01,1.542996999999999952e+00,2.164925000000000210e+00,5.048753043078808324e-03,9.623666705076136529e-02
-8.968616000000000366e-01,1.543565000000000076e+00,2.165270000000000028e+00,5.509537276396212456e-03,5.340479914868211109e-02
-8.971607999999999805e-01,1.544033999999999907e+00,2.165284000000000209e+00,5.592570700491693997e-03,0.000000000000000000e+00
-8.971607999999999805e-01,1.544033999999999907e+00,2.165284000000000209e+00,5.592570700491693997e-03,1.092632310290230779e-01
-8.976963000000000026e-01,1.544993000000000061e+00,2.165750000000000064e+00,5.613792255685913675e-03,5.960833703260677574e-02
-8.980409999999999782e-01,1.545382000000000033e+00,2.166088999999999931e+00,5.668572307027660434e-03,0.000000000000000000e+00
-8.980409999999999782e-01,1.545382000000000033e+00,2.166088999999999931e+00,5.668572307027660434e-03,5.316464014640321506e-02
-8.983240000000000114e-01,1.545838000000000045e+00,2.166309000000000040e+00,5.644393058602533569e-03,1.059101748456229564e-01
-8.987627000000000255e-01,1.546759999999999913e+00,2.166725000000000012e+00,5.669092915978794257e-03,0.000000000000000000e+00
-8.987627000000000255e-01,1.546759999999999913e+00,2.166725000000000012e+00,5.669092915978794257e-03,5.365001735002485755e-02
-8.989312999999999887e-01,1.547309000000000045e+00,2.166837999999999820e+00,5.647583731119081366e-03,6.552165469889488503e-02
-8.990721999999999881e-01,1.547965999999999953e+00,2.166958999999999858e+00,5.523535607742647430e-03,0.000000000000000000e+00
-8.990721999999999881e-01,1.547965999999999953e+00,2.166958999999999858e+00,5.523535607742647430e-03,1.105708688935369555e-01
-8.992115999999999998e-01,1.549107000000000012e+00,2.167324999999999946e+00,5.333250345708565390e-03,4.712589104391875366e-02
-8.992940999999999852e-01,1.549614000000000047e+00,2.167302999999999980e+00,5.240360483783543938e-03,1.011589868403202225e-01
-8.992672000000000443e-01,1.550748999999999933e+00,2.167511000000000188e+00,4.897991977331078890e-03,4.880520672756324951e-02
-8.992738999999999594e-01,1.551279999999999992e+00,2.167549999999999866e+00,4.871596805976502291e-03,0.000000000000000000e+00
-8.992738999999999594e-01,1.551279999999999992e+00,2.167549999999999866e+00,4.871596805976502291e-03,3.660298266756123464e-02
-8.992769999999999930e-01,1.551690999999999931e+00,2.167622000000000160e+00,4.695721802875432727e-03,8.871508115922752125e-02
-8.995771000000000184e-01,1.552651000000000003e+00,2.167508000000000212e+00,4.808002949250267388e-03,0.000000000000000000e+00
-8.995771000000000184e-01,1.552651000000000003e+00,2.167508000000000212e+00,4.808002949250267388e-03,4.324770299577991584e-02
-8.996615000000000029e-01,1.553134999999999932e+00,2.167553999999999981e+00,4.827203020383590178e-03,1.054464939848933219e-01
-8.997678999999999538e-01,1.554254000000000024e+00,2.167799000000000031e+00,4.523559058971175946e-03,4.984920358235173793e-02
-8.998555999999999777e-01,1.554775000000000018e+00,2.167927999999999855e+00,4.440373994383953714e-03,0.000000000000000000e+00
-8.998555999999999777e-01,1.554775000000000018e+00,2.167927999999999855e+00,4.440373994383953714e-03,5.499937571770834033e-02
-8.997456999999999816e-01,1.555365000000000109e+00,2.167950999999999961e+00,4.341367922671460558e-03,1.162658933422771879e-01
-8.997055999999999942e-01,1.556570000000000009e+00,2.167844999999999800e+00,4.170592870324520661e-03,0.000000000000000000e+00
-8.997055999999999942e-01,1.556570000000000009e+00,2.167844999999999800e+00,4.170592870324520661e-03,7.385607302825465681e-02
-8.993468000000000018e-01,1.557290999999999981e+00,2.167870999999999881e+00,3.911903297629075460e-03,7.065095881878605266e-02
-8.992320999999999787e-01,1.558048000000000100e+00,2.167959999999999887e+00,3.830256556681461977e-03,1.640214660227916066e-01
-8.987195000000000045e-01,1.559836000000000000e+00,2.168166999999999955e+00,3.409964675770225072e-03,8.945621758546561109e-02
-8.985111999999999544e-01,1.560783999999999949e+00,2.168269000000000002e+00,3.327834654846802218e-03,0.000000000000000000e+00
-8.985111999999999544e-01,1.560783999999999949e+00,2.168269000000000002e+00,3.327834654846802218e-03,1.678429428046622762e-01
-8.983282999999999685e-01,1.562670999999999921e+00,2.168540000000000134e+00,3.341564878914983321e-03,7.990359355615103687e-02
-8.982145999999999741e-01,1.563525000000000054e+00,2.168673000000000073e+00,3.241393189663734336e-03,0.000000000000000000e+00
-8.982145999999999741e-01,1.563525000000000054e+00,2.168673000000000073e+00,3.241393189663734336e-03,8.110783615515734790e-02
-8.981074999999999475e-01,1.564427999999999930e+00,2.168845000000000134e+00,3.354615030073922546e-03,1.753092003876552951e-01
-8.979557000000000233e-01,1.566276999999999919e+00,2.169309999999999850e+00,3.329857828797128019e-03,0.000000000000000000e+00
-8.979557000000000233e-01,1.566276999999999919e+00,2.169309999999999850e+00,3.329857828797128019e-03,1.000007589821959864e-01
-8.980512999999999968e-01,1.567401000000000044e+00,2.169688999999999979e+00,3.230234977520941592e-03,2.530611927814735429e-01
-8.980340999999999463e-01,1.569871000000000016e+00,2.170612000000000208e+00,3.231566982130978927e-03,0.000000000000000000e+00
-8.980340999999999463e-01,1.569871000000000016e+00,2.170612000000000208e+00,3.231566982130978927e-03,1.186123799670297657e-01
-8.981964999999999533e-01,1.571131999999999973e+00,2.171225000000000183e+00,3.292574731118380615e-03,1.289690784479440300e-01
-8.986129999999999951e-01,1.572389999999999954e+00,2.171698000000000128e+00,3.003681542707137709e-03,0.000000000000000000e+00
-8.986129999999999951e-01,1.572389999999999954e+00,2.171698000000000128e+00,3.003681542707137709e-03,2.584375033716598824e-01
-8.991508000000000278e-01,1.575228000000000073e+00,2.172290999999999972e+00,3.237886588501749652e-03,0.000000000000000000e+00
-8.991508000000000278e-01,1.575228000000000073e+00,2.172290999999999972e+00,3.237886588501749652e-03,7.312256788050915113e-02
-8.994784000000000113e-01,1.575951000000000102e+00,2.172371000000000052e+00,2.980026509949169899e-03,1.252240592666064856e-01
-9.003052999999999750e-01,1.577107999999999954e+00,2.172508999999999801e+00,2.617778296571386231e-03,0.000000000000000000e+00
-9.003052999999999750e-01,1.577107999999999954e+00,2.172508999999999801e+00,2.617778296571386231e-03,6.175113364585153169e-02
-9.005988000000000326e-01,1.577677999999999914e+00,2.172715999999999870e+00,2.361422063079747762e-03,8.291453083153137171e-02
-9.010255000000000347e-01,1.578519999999999923e+00,2.172652999999999945e+00,2.234794775812743925e-03,4.702147659779642302e-02
-9.011818999999999802e-01,1.579007999999999967e+00,2.172677000000000191e+00,2.299434950156281719e-03,0.000000000000000000e+00
-9.011818999999999802e-01,1.579007999999999967e+00,2.172677000000000191e+00,2.299434950156281719e-03,2.638623940967483109e-02
-9.013033000000000294e-01,1.579291999999999918e+00,2.172619000000000078e+00,2.137345131231705754e-03,8.496272213845230958e-02
-9.017990000000000173e-01,1.580074999999999896e+00,2.172597999999999807e+00,1.771658048269917534e-03,0.000000000000000000e+00
-9.017990000000000173e-01,1.580074999999999896e+00,2.172597999999999807e+00,1.771658048269917534e-03,4.125301781346763647e-02
-9.018888000000000460e-01,1.580578999999999956e+00,2.172594999999999832e+00,1.943789227256780038e-03,9.260127280598343114e-02
-9.021721000000000323e-01,1.581499999999999906e+00,2.172623000000000193e+00,1.781859088143658175e-03,0.000000000000000000e+00
-9.021721000000000323e-01,1.581499999999999906e+00,2.172623000000000193e+00,1.781859088143658175e-03,8.249368468583638536e-02
-9.022833999999999577e-01,1.582421000000000078e+00,2.172302000000000177e+00,1.876674942551472252e-03,0.000000000000000000e+00
-9.022833999999999577e-01,1.582421000000000078e+00,2.172302000000000177e+00,1.876674942551472252e-03,1.014397860892640030e-01
-9.025334999999999885e-01,1.583498000000000072e+00,2.172254000000000129e+00,1.849018885787823098e-03,5.702175731507413275e-02
-9.025927000000000255e-01,1.584119000000000055e+00,2.172521000000000146e+00,1.931461094612082477e-03,0.000000000000000000e+00
-9.025927000000000255e-01,1.584119000000000055e+00,2.172521000000000146e+00,1.931461094612082477e-03,6.799271701140492674e-02
-9.027233000000000063e-01,1.584797000000000011e+00,2.172794000000000114e+00,2.207443997024661955e-03,9.968095697751953865e-02
-9.028648999999999702e-01,1.585901000000000005e+00,2.173027999999999960e+00,2.290262048325424332e-03,0.000000000000000000e+00
-9.028648999999999702e-01,1.585901000000000005e+00,2.173027999999999960e+00,2.290262048325424332e-03,5.424716172807621251e-02
-9.030420999999999587e-01,1.586452999999999891e+00,2.173147000000000162e+00,2.347694846013888715e-03,1.093814431825003569e-01
-9.035324999999999607e-01,1.587550999999999934e+00,2.173481000000000218e+00,2.489018248225676085e-03,0.000000000000000000e+00
-9.035324999999999607e-01,1.587550999999999934e+00,2.173481000000000218e+00,2.489018248225676085e-03,6.599158459652709752e-02
-9.037146999999999819e-01,1.588243999999999989e+00,2.173550999999999789e+00,2.487739938176537421e-03,5.470222274481655739e-02
-9.039025000000000531e-01,1.588835999999999915e+00,2.173613000000000017e+00,2.631207487067282330e-03,0.000000000000000000e+00
-9.039025000000000531e-01,1.588835999999999915e+00,2.173613000000000017e+00,2.631207487067282330e-03,1.254442133801813020e-01
-9.042746999999999868e-01,1.590152999999999928e+00,2.173611000000000182e+00,2.600862143597968811e-03,5.487065090058720895e-02
-9.044588000000000072e-01,1.590765999999999902e+00,2.173478999999999939e+00,2.578058889940209025e-03,1.239502807245970867e-01
-9.046516000000000002e-01,1.592000000000000082e+00,2.173154999999999948e+00,2.434258164205166299e-03,5.023922657763900401e-02
-9.049078999999999873e-01,1.592467000000000077e+00,2.173026000000000124e+00,2.277886555559824507e-03,0.000000000000000000e+00
-9.049078999999999873e-01,1.592467000000000077e+00,2.173026000000000124e+00,2.277886555559824507e-03,6.961586806152192386e-02
-9.054320000000000146e-01,1.592975000000000030e+00,2.172816000000000081e+00,2.107318260253984547e-03,1.299068929974295239e-01
-9.060122999999999927e-01,1.594057000000000057e+00,2.172245999999999899e+00,1.417711409279029606e-03,5.636465867208360209e-02
-9.064273999999999942e-01,1.594483000000000095e+00,2.171936000000000089e+00,1.190552178613087531e-03,0.000000000000000000e+00
-9.064273999999999942e-01,1.594483000000000095e+00,2.171936000000000089e+00,1.190552178613087531e-03,6.059911258357814773e-02
-9.067971999999999699e-01,1.594840999999999953e+00,2.171521999999999952e+00,1.194392234569450519e-03,1.103728984059752921e-01
-9.074056000000000344e-01,1.595653999999999906e+00,2.170779000000000014e+00,5.472301252672888416e-04,0.000000000000000000e+00
-9.074056000000000344e-01,1.595653999999999906e+00,2.170779000000000014e+00,5.472301252672888416e-04,4.656193915575566888e-02
-9.077355999999999758e-01,1.595852999999999966e+00,2.170447999999999933e+00,8.268571883947913731e-04,1.022477561113100814e-01
-9.085107000000000044e-01,1.596527000000000029e+00,2.169897000000000187e+00,1.859281043844709718e-03,0.000000000000000000e+00
-9.085107000000000044e-01,1.596527000000000029e+00,2.169897000000000187e+00,1.859281043844709718e-03,3.400854007310138982e-02
-9.088180000000000147e-01,1.596735000000000015e+00,2.169912000000000063e+00,1.962447747075062379e-03,5.969867154501643652e-02
-9.092177999999999649e-01,1.597277000000000058e+00,2.169686000000000003e+00,2.104958203860517966e-03,1.392028789047774773e-01
-9.101455000000000517e-01,1.598392000000000035e+00,2.169678999999999913e+00,2.936725627293133509e-03,4.504811777920411653e-02
-9.104071000000000247e-01,1.598719999999999919e+00,2.169423000000000101e+00,3.048927214611807379e-03,0.000000000000000000e+00
-9.104071000000000247e-01,1.598719999999999919e+00,2.169423000000000101e+00,3.048927214611807379e-03,9.783187195254627877e-02
-9.110181000000000529e-01,1.599377000000000049e+00,2.168938999999999950e+00,3.531930627857906256e-03,4.857902701081374258e-02
-9.111823999999999479e-01,1.599874000000000018e+00,2.168855999999999895e+00,3.662246235577314244e-03,0.000000000000000000e+00
-9.111823999999999479e-01,1.599874000000000018e+00,2.168855999999999895e+00,3.662246235577314244e-03,4.654742934767304441e-02
-9.112782000000000382e-01,1.600373000000000046e+00,2.168842000000000159e+00,3.706648545519252921e-03,9.939924473884513556e-02
-9.116125000000000478e-01,1.601352000000000109e+00,2.168864000000000125e+00,3.704137720171858487e-03,0.000000000000000000e+00
-9.116125000000000478e-01,1.601352000000000109e+00,2.168864000000000125e+00,3.704137720171858487e-03,4.602742340282241912e-02
-9.117598999999999565e-01,1.601844000000000046e+00,2.168991999999999809e+00,3.773416808411142204e-03,1.067407714860513397e-02
-9.118117999999999501e-01,1.601939999999999920e+00,2.169007000000000129e+00,3.819578123300974588e-03,0.000000000000000000e+00
-9.118117999999999501e-01,1.601939999999999920e+00,2.169007000000000129e+00,3.819578123300974588e-03,7.270608016104185278e-02
-9.121609000000000522e-01,1.602675999999999989e+00,2.168849999999999945e+00,4.052485939519101174e-03,3.348234301429271753e-02
-9.123014999999999874e-01,1.603004000000000095e+00,2.168772000000000144e+00,4.091446371394745138e-03,0.000000000000000000e+00
-9.123014999999999874e-01,1.603004000000000095e+00,2.168772000000000144e+00,4.091446371394745138e-03,9.156656996274144256e-02
-9.125518999999999714e-01,1.603900000000000103e+00,2.168407999999999891e+00,4.241592848211564980e-03,0.000000000000000000e+00
-9.125518999999999714e-01,1.603900000000000103e+00,2.168407999999999891e+00,4.241592848211564980e-03,2.852034459190637070e-02
-9.126429999999999820e-01,1.604203999999999963e+00,2.168336000000000041e+00,4.341450951006984270e-03,8.855684594446310010e-02
-9.120989000000000457e-01,1.604989999999999917e+00,2.168196000000000012e+00,3.610289705826941198e-03,2.726445600048636383e-02
-9.119319999999999649e-01,1.605093000000000103e+00,2.167971999999999788e+00,3.450737928327685718e-03,0.000000000000000000e+00
-9.119319999999999649e-01,1.605093000000000103e+00,2.167971999999999788e+00,3.450737928327685718e-03,5.988272428614196952e-02
-9.120532999999999557e-01,1.605558000000000041e+00,2.167574000000000112e+00,3.549656355198178154e-03,1.420608110159812115e-02
-9.120392999999999972e-01,1.605709000000000053e+00,2.167542000000000080e+00,3.525233444752158291e-03,0.000000000000000000e+00
-9.120392999999999972e-01,1.605709000000000053e+00,2.167542000000000080e+00,3.525233444752158291e-03,4.346743983841527131e-02
-9.124297999999999575e-01,1.605976999999999988e+00,2.167565999999999882e+00,3.875048759693138552e-03,4.113810457106045065e-02
-9.125528000000000528e-01,1.606384000000000034e+00,2.167421000000000042e+00,4.013151057460950452e-03,0.000000000000000000e+00
-9.125528000000000528e-01,1.606384000000000034e+00,2.167421000000000042e+00,4.013151057460950452e-03,2.666344829921969695e-02
-9.123552000000000328e-01,1.606584999999999930e+00,2.167494000000000032e+00,3.740579801314251017e-03,2.353018152993752513e-02
-9.123455999999999788e-01,1.606840000000000046e+00,2.167466000000000115e+00,3.637927433305862979e-03,0.000000000000000000e+00
-9.123455999999999788e-01,1.606840000000000046e+00,2.167466000000000115e+00,3.637927433305862979e-03,9.371643269441132240e-02
-9.118669000000000358e-01,1.607688999999999924e+00,2.167778000000000205e+00,2.920427954940844895e-03,0.000000000000000000e+00
-9.118669000000000358e-01,1.607688999999999924e+00,2.167778000000000205e+00,2.920427954940844895e-03,7.410912896801850891e-02
-9.116244000000000014e-01,1.608378000000000085e+00,2.168203999999999798e+00,2.651306411941053726e-03,3.269854879255078978e-02
-9.113305000000000433e-01,1.608571999999999891e+00,2.168261000000000216e+00,2.392664004828090694e-03,0.000000000000000000e+00
-9.113305000000000433e-01,1.608571999999999891e+00,2.168261000000000216e+00,2.392664004828090694e-03,4.014019532258159689e-02
-9.111127999999999449e-01,1.608997000000000011e+00,2.168283999999999878e+00,2.306587394832362251e-03,1.006853831763239449e-01
-9.104980999999999769e-01,1.609763000000000055e+00,2.168649999999999967e+00,1.731940022056042711e-03,0.000000000000000000e+00
-9.104980999999999769e-01,1.609763000000000055e+00,2.168649999999999967e+00,1.731940022056042711e-03,4.054852801127117184e-02
-9.103071999999999830e-01,1.610206000000000026e+00,2.168673000000000073e+00,1.574086976631125945e-03,7.792131554339792876e-02
-9.102820999999999829e-01,1.611034000000000077e+00,2.168864000000000125e+00,1.921603923809434575e-03,0.000000000000000000e+00
-9.102820999999999829e-01,1.611034000000000077e+00,2.168864000000000125e+00,1.921603923809434575e-03,4.699612303250740725e-02
-9.102162999999999782e-01,1.611563999999999997e+00,2.168816000000000077e+00,2.115951655875228290e-03,4.726557338986306367e-02
-9.100420000000000176e-01,1.612041999999999975e+00,2.168899999999999828e+00,2.064147756339195817e-03,0.000000000000000000e+00
-9.100420000000000176e-01,1.612041999999999975e+00,2.168899999999999828e+00,2.064147756339195817e-03,9.159985736986049620e-02
-9.098420000000000396e-01,1.613081999999999905e+00,2.169157999999999920e+00,2.455151718326222324e-03,7.356321680185311240e-02
-9.094659999999999966e-01,1.613742000000000010e+00,2.169261000000000106e+00,2.842468251362044365e-03,4.385566055298223409e-02
-9.093164999999999720e-01,1.614190000000000014e+00,2.169424999999999937e+00,3.186820555035828426e-03,9.964516045359704532e-02
-9.088886000000000465e-01,1.615262999999999893e+00,2.169697000000000209e+00,3.707818032212522024e-03,5.459788348863329338e-02
-9.087013999999999925e-01,1.615782999999999969e+00,2.169831999999999983e+00,4.059362555869951150e-03,0.000000000000000000e+00
-9.087013999999999925e-01,1.615782999999999969e+00,2.169831999999999983e+00,4.059362555869951150e-03,8.720937943415241200e-02
-9.085337999999999470e-01,1.616781000000000024e+00,2.170062000000000157e+00,4.731057234910674564e-03,5.361343553434800430e-02
-9.084368000000000443e-01,1.617307999999999968e+00,2.170220000000000038e+00,5.003255556135342494e-03,0.000000000000000000e+00
-9.084368000000000443e-01,1.617307999999999968e+00,2.170220000000000038e+00,5.003255556135342494e-03,3.638223007645410845e-02
-9.083911999999999543e-01,1.617726999999999915e+00,2.170319000000000109e+00,5.217891336545823870e-03,9.104900129991029545e-02
-9.086437000000000541e-01,1.618687999999999905e+00,2.170282999999999962e+00,5.477032248398589626e-03,0.000000000000000000e+00
-9.086437000000000541e-01,1.618687999999999905e+00,2.170282999999999962e+00,5.477032248398589626e-03,3.644096249776079821e-02
-9.087205000000000421e-01,1.619115000000000082e+00,2.170271000000000061e+00,5.632972391198239580e-03,7.660141538703021946e-02
-9.089608000000000132e-01,1.619860999999999995e+00,2.170123999999999942e+00,5.607418736816467512e-03,0.000000000000000000e+00
-9.089608000000000132e-01,1.619860999999999995e+00,2.170123999999999942e+00,5.607418736816467512e-03,3.526742305368296693e-02
-9.090599999999999792e-01,1.620270000000000099e+00,2.170091000000000214e+00,5.691540108793380695e-03,5.078865694396951513e-02
-9.093670999999999838e-01,1.620700999999999947e+00,2.170094000000000189e+00,5.808161585218068503e-03,8.261556448696556754e-02
-9.096446000000000254e-01,1.621594999999999898e+00,2.169983000000000217e+00,5.984587621549532742e-03,2.965592938832945641e-02
-9.097323000000000492e-01,1.621930000000000094e+00,2.169915000000000038e+00,5.997372598897160109e-03,0.000000000000000000e+00
-9.097323000000000492e-01,1.621930000000000094e+00,2.169915000000000038e+00,5.997372598897160109e-03,2.956323682969175942e-02
-9.098036000000000456e-01,1.622254000000000085e+00,2.169976000000000127e+00,6.148971133450180197e-03,6.407913888033753280e-02
-9.097068000000000376e-01,1.622848999999999986e+00,2.169509000000000132e+00,5.974562296938836468e-03,0.000000000000000000e+00
-9.097068000000000376e-01,1.622848999999999986e+00,2.169509000000000132e+00,5.974562296938836468e-03,3.404304574283228274e-02
-9.098300999999999750e-01,1.623191000000000050e+00,2.169433000000000167e+00,6.055597513871271292e-03,6.566765392611736973e-02
-9.102689999999999948e-01,1.623761999999999928e+00,2.169128000000000167e+00,5.878270937103921047e-03,0.000000000000000000e+00
-9.102689999999999948e-01,1.623761999999999928e+00,2.169128000000000167e+00,5.878270937103921047e-03,1.986206804285974709e-02
-9.103658000000000028e-01,1.623955999999999955e+00,2.169122000000000217e+00,5.922214147597263702e-03,2.973784154201353919e-02
-9.105952000000000490e-01,1.624058999999999919e+00,2.168873000000000051e+00,5.708847106903384115e-03,0.000000000000000000e+00
-9.105952000000000490e-01,1.624058999999999919e+00,2.168873000000000051e+00,5.708847106903384115e-03,7.381588078740390635e-02
-9.111633000000000093e-01,1.624219000000000079e+00,2.168324000000000140e+00,5.268967845793010550e-03,3.178551157974918162e-02
-9.113309000000000548e-01,1.624341999999999953e+00,2.168007999999999935e+00,5.050399885157434016e-03,7.607174442914188539e-02
-9.118481000000000503e-01,1.624619000000000035e+00,2.167421000000000042e+00,4.765996647082283363e-03,4.139820618702243216e-02
-9.121167999999999498e-01,1.624849999999999905e+00,2.167174999999999851e+00,4.647593774201632701e-03,3.314369877103787165e-02
-9.123721000000000192e-01,1.625005999999999950e+00,2.166917999999999900e+00,4.504939733226020170e-03,0.000000000000000000e+00
-9.123721000000000192e-01,1.625005999999999950e+00,2.166917999999999900e+00,4.504939733226020170e-03,8.619682213922393033e-02
-9.128013000000000376e-01,1.625526000000000026e+00,2.166202000000000183e+00,4.175005082631753732e-03,3.337778376376741157e-02
-9.129188000000000303e-01,1.625756999999999897e+00,2.165900999999999854e+00,4.074039480662695195e-03,0.000000000000000000e+00
-9.129188000000000303e-01,1.625756999999999897e+00,2.165900999999999854e+00,4.074039480662695195e-03,4.203457413246204644e-02
-9.129694000000000420e-01,1.625726999999999922e+00,2.165424999999999933e+00,3.729519873924678434e-03,8.866781307396855161e-02
-9.129874999999999519e-01,1.626295000000000046e+00,2.164588000000000179e+00,3.230684794281353522e-03,0.000000000000000000e+00
-9.129874999999999519e-01,1.626295000000000046e+00,2.164588000000000179e+00,3.230684794281353522e-03,3.998820266660338407e-02
-9.130165999999999560e-01,1.626665999999999945e+00,2.164324000000000137e+00,3.089868490729093600e-03,8.252395330695437570e-02
-9.132006000000000290e-01,1.627205000000000013e+00,2.163523999999999781e+00,2.837518755885099549e-03,0.000000000000000000e+00
-9.132006000000000290e-01,1.627205000000000013e+00,2.163523999999999781e+00,2.837518755885099549e-03,4.610570421118197204e-02
-9.132639999999999647e-01,1.627615999999999952e+00,2.163241000000000192e+00,2.899559614838234916e-03,4.523664033223118164e-02
-9.133337000000000261e-01,1.627918999999999894e+00,2.162800999999999974e+00,2.620266759320540907e-03,1.180254001602055736e-01
-9.133356000000000252e-01,1.628452000000000011e+00,2.161693999999999782e+00,2.134910077731614394e-03,5.875209267249408007e-02
-9.134588000000000152e-01,1.628713000000000077e+00,2.161121000000000070e+00,2.242350677302805580e-03,0.000000000000000000e+00
-9.134588000000000152e-01,1.628713000000000077e+00,2.161121000000000070e+00,2.242350677302805580e-03,1.066452871545944397e-01
-9.137117999999999629e-01,1.629278000000000004e+00,2.160201999999999956e+00,2.286149297399465638e-03,5.841763568618519448e-02
-9.138380999999999865e-01,1.629677999999999960e+00,2.159683999999999937e+00,2.401505644382384650e-03,0.000000000000000000e+00
-9.138380999999999865e-01,1.629677999999999960e+00,2.159683999999999937e+00,2.401505644382384650e-03,6.635612109706584549e-02
-9.136056999999999650e-01,1.630117000000000038e+00,2.159203000000000205e+00,2.345746363100670306e-03,9.409843392765913916e-02
-9.137733000000000105e-01,1.630911000000000000e+00,2.158500000000000085e+00,2.439213807766789626e-03,0.000000000000000000e+00
-9.137733000000000105e-01,1.630911000000000000e+00,2.158500000000000085e+00,2.439213807766789626e-03,6.225313086118965805e-02
-9.139899999999999691e-01,1.631442000000000059e+00,2.158189000000000135e+00,2.620316868243190590e-03,4.579349203985563777e-02
-9.140741999999999479e-01,1.631860000000000088e+00,2.157887000000000111e+00,2.814869092870885686e-03,0.000000000000000000e+00
-9.140741999999999479e-01,1.631860000000000088e+00,2.157887000000000111e+00,2.814869092870885686e-03,1.057678099230622837e-01
-9.142291999999999641e-01,1.632791000000000103e+00,2.157319999999999904e+00,2.812650424421706853e-03,6.015817106413452742e-02
-9.143797999999999648e-01,1.633310999999999957e+00,2.156897999999999982e+00,3.014526710778940490e-03,0.000000000000000000e+00
-9.143797999999999648e-01,1.633310999999999957e+00,2.156897999999999982e+00,3.014526710778940490e-03,1.757345726951878018e-01
-9.146805000000000074e-01,1.634678000000000075e+00,2.155720000000000081e+00,3.376358335544414613e-03,4.196239876575002387e-02
-9.146929000000000309e-01,1.635089999999999932e+00,2.155515999999999988e+00,3.411842647309655530e-03,0.000000000000000000e+00
-9.146929000000000309e-01,1.635089999999999932e+00,2.155515999999999988e+00,3.411842647309655530e-03,9.827896340237475548e-02
-9.146311000000000302e-01,1.635933999999999999e+00,2.154856000000000105e+00,3.405480408106952538e-03,4.294957917919609708e-02
-9.146621000000000334e-01,1.636390999999999929e+00,2.154682999999999904e+00,3.341927229908094911e-03,0.000000000000000000e+00
-9.146621000000000334e-01,1.636390999999999929e+00,2.154682999999999904e+00,3.341927229908094911e-03,1.005272445699630229e-01
-9.151342000000000088e-01,1.637307000000000068e+00,2.154494999999999827e+00,3.671110322504794136e-03,4.568309242464615311e-02
-9.151831000000000271e-01,1.637815000000000021e+00,2.154389000000000109e+00,3.549569517561200743e-03,0.000000000000000000e+00
-9.151831000000000271e-01,1.637815000000000021e+00,2.154389000000000109e+00,3.549569517561200743e-03,4.806243673970857916e-02
-9.151399000000000061e-01,1.638282999999999934e+00,2.154215999999999909e+00,3.399958476217066882e-03,9.906035746289326704e-02
-9.151787999999999590e-01,1.639312000000000102e+00,2.153750000000000053e+00,3.480901982245362090e-03,0.000000000000000000e+00
-9.151787999999999590e-01,1.639312000000000102e+00,2.153750000000000053e+00,3.480901982245362090e-03,4.800129949077182323e-02
-9.151477999999999557e-01,1.639685999999999977e+00,2.153414999999999857e+00,3.407301865112670036e-03,4.663390897338189761e-02
-9.151647000000000531e-01,1.640179999999999971e+00,2.153217999999999854e+00,3.308023248104654222e-03,0.000000000000000000e+00
-9.151647000000000531e-01,1.640179999999999971e+00,2.153217999999999854e+00,3.308023248104654222e-03,9.268069465264032469e-02
-9.151561000000000279e-01,1.641035999999999939e+00,2.152772999999999826e+00,3.351081212086758424e-03,4.271700342112683818e-02
-9.151936000000000515e-01,1.641491999999999951e+00,2.152604999999999880e+00,3.320655912617294717e-03,1.074023560917328479e-01
-9.151603999999999850e-01,1.642714999999999925e+00,2.152534999999999865e+00,2.974879703450201886e-03,6.264036157888867862e-02
-9.151673000000000169e-01,1.643396000000000079e+00,2.152477999999999891e+00,3.019005756867692604e-03,0.000000000000000000e+00
-9.151673000000000169e-01,1.643396000000000079e+00,2.152477999999999891e+00,3.019005756867692604e-03,4.621908983470598281e-02
-9.151319999999999455e-01,1.643909000000000065e+00,2.152594999999999814e+00,2.921994286441941587e-03,1.010709826555620527e-01
-9.147794000000000203e-01,1.644870000000000054e+00,2.152184999999999793e+00,2.418067461838090647e-03,0.000000000000000000e+00
-9.147794000000000203e-01,1.644870000000000054e+00,2.152184999999999793e+00,2.418067461838090647e-03,4.724471901118802025e-02
-9.146520999999999679e-01,1.645329999999999959e+00,2.151886999999999883e+00,2.379634686249107282e-03,1.230948229343575701e-01
-9.146007999999999916e-01,1.646471000000000018e+00,2.151454999999999895e+00,2.219147153750793220e-03,0.000000000000000000e+00
-9.146007999999999916e-01,1.646471000000000018e+00,2.151454999999999895e+00,2.219147153750793220e-03,4.647639675079088400e-02
-9.144889999999999963e-01,1.647000999999999937e+00,2.151340999999999948e+00,2.138890929898068765e-03,5.814238882056092794e-02
-9.142660999999999705e-01,1.647539000000000087e+00,2.151175999999999977e+00,2.101707163236665472e-03,0.000000000000000000e+00
-9.142660999999999705e-01,1.647539000000000087e+00,2.151175999999999977e+00,2.101707163236665472e-03,9.678444073372553802e-02
-9.139302000000000259e-01,1.648514999999999953e+00,2.150665000000000049e+00,1.668450985195547029e-03,5.352921510610023081e-02
-9.139760000000000106e-01,1.648935999999999957e+00,2.150301999999999936e+00,1.688257459631021910e-03,4.545272593466578859e-02
-9.138349999999999529e-01,1.649345000000000061e+00,2.150015999999999927e+00,1.724723818470608834e-03,1.053421506800026192e-01
-9.134822000000000219e-01,1.650268999999999986e+00,2.149332999999999938e+00,1.189399007902641704e-03,5.145299926426281922e-02
-9.133704000000000267e-01,1.650782999999999889e+00,2.149137000000000075e+00,1.215541048257839669e-03,0.000000000000000000e+00
-9.133704000000000267e-01,1.650782999999999889e+00,2.149137000000000075e+00,1.215541048257839669e-03,9.997625462818170161e-02
-9.130766000000000160e-01,1.651678999999999897e+00,2.148495000000000044e+00,1.156014191089305533e-03,4.913233343368442890e-02
-9.130331999999999892e-01,1.652128999999999959e+00,2.148207000000000200e+00,9.475718917317653856e-04,0.000000000000000000e+00
-9.130331999999999892e-01,1.652128999999999959e+00,2.148207000000000200e+00,9.475718917317653856e-04,4.365928474248161051e-02
-9.129635999999999862e-01,1.652500000000000080e+00,2.147850000000000037e+00,9.153038894269729508e-04,8.828120236938546972e-02
-9.128131999999999913e-01,1.653257999999999894e+00,2.147351000000000010e+00,1.168151997815200993e-03,0.000000000000000000e+00
-9.128131999999999913e-01,1.653257999999999894e+00,2.147351000000000010e+00,1.168151997815200993e-03,2.988609633419991862e-02
-9.128610999999999809e-01,1.653607999999999967e+00,2.147238999999999898e+00,1.055312162347894550e-03,8.846299546925617818e-02
-9.129703000000000124e-01,1.654354000000000102e+00,2.146882000000000179e+00,1.156973309977437324e-03,0.000000000000000000e+00
-9.129703000000000124e-01,1.654354000000000102e+00,2.146882000000000179e+00,1.156973309977437324e-03,4.184984862173291714e-02
-9.129996000000000222e-01,1.654768000000000017e+00,2.146605999999999792e+00,1.403805973060290703e-03,4.486915647427919263e-02
-9.128258000000000205e-01,1.655099000000000098e+00,2.146326000000000178e+00,1.392025775623537912e-03,6.827788145417770793e-02
-9.126809000000000172e-01,1.655772999999999939e+00,2.146042000000000005e+00,1.228328250102433657e-03,4.336773300606448084e-02
-9.124012000000000233e-01,1.656109999999999971e+00,2.145769000000000037e+00,1.218770281882409221e-03,0.000000000000000000e+00
-9.124012000000000233e-01,1.656109999999999971e+00,2.145769000000000037e+00,1.218770281882409221e-03,3.808540356892557016e-02
-9.122795999999999683e-01,1.656416000000000111e+00,2.145486000000000004e+00,1.346010014821583545e-03,5.926897590635811508e-02
-9.123385000000000522e-01,1.657005000000000061e+00,2.145159000000000038e+00,1.500414462740089563e-03,0.000000000000000000e+00
-9.123385000000000522e-01,1.657005000000000061e+00,2.145159000000000038e+00,1.500414462740089563e-03,2.266534934045741009e-02
-9.121825999999999546e-01,1.657208999999999932e+00,2.145128000000000146e+00,1.526900288165513458e-03,6.244756044318038046e-02
-9.117478999999999445e-01,1.657820999999999989e+00,2.144937999999999789e+00,1.752103592827520227e-03,0.000000000000000000e+00
-9.117478999999999445e-01,1.657820999999999989e+00,2.144937999999999789e+00,1.752103592827520227e-03,3.833699800891888360e-02
-9.116708999999999508e-01,1.658225000000000060e+00,2.144788999999999835e+00,1.942816769538367695e-03,3.590223261930920728e-02
-9.115259999999999474e-01,1.658538000000000068e+00,2.144568000000000030e+00,2.130736447803921810e-03,0.000000000000000000e+00
-9.115259999999999474e-01,1.658538000000000068e+00,2.144568000000000030e+00,2.130736447803921810e-03,6.197923702819535530e-02
-9.115514999999999590e-01,1.659105999999999970e+00,2.144201999999999941e+00,2.152183916397324998e-03,3.287797674718218738e-02
-9.113965000000000538e-01,1.659440000000000026e+00,2.144026999999999905e+00,2.197679369243662681e-03,1.072877075043682793e-01
-9.110004999999999908e-01,1.660411999999999999e+00,2.143641999999999825e+00,2.727674249245944441e-03,2.972569622796642289e-02
-9.108739000000000141e-01,1.660673000000000066e+00,2.143496999999999986e+00,2.921147803518361029e-03,3.252713327408943839e-02
-9.110702999999999996e-01,1.660927999999999960e+00,2.143282000000000131e+00,2.776874221134373755e-03,0.000000000000000000e+00
-9.110702999999999996e-01,1.660927999999999960e+00,2.143282000000000131e+00,2.776874221134373755e-03,7.733704546611519515e-02
-9.109861999999999682e-01,1.661642999999999981e+00,2.142841999999999913e+00,2.787488132710101447e-03,6.261293588960589740e-02
-9.103651000000000382e-01,1.662036000000000069e+00,2.142716000000000065e+00,3.290785006651176636e-03,0.000000000000000000e+00
-9.103651000000000382e-01,1.662036000000000069e+00,2.142716000000000065e+00,3.290785006651176636e-03,4.703277241899235517e-02
-9.102711999999999470e-01,1.662501999999999924e+00,2.142468000000000039e+00,3.524263765667907250e-03,5.737394412115077308e-02
-9.101080999999999754e-01,1.663116999999999956e+00,2.142313999999999830e+00,3.788601990180344783e-03,0.000000000000000000e+00
-9.101080999999999754e-01,1.663116999999999956e+00,2.142313999999999830e+00,3.788601990180344783e-03,2.175777139254087347e-02
-9.098827999999999916e-01,1.663148000000000071e+00,2.142215000000000202e+00,3.871121027557873889e-03,5.502059694609402751e-02
-9.098239000000000187e-01,1.663453000000000070e+00,2.141637999999999931e+00,3.682707020657406249e-03,0.000000000000000000e+00
-9.098239000000000187e-01,1.663453000000000070e+00,2.141637999999999931e+00,3.682707020657406249e-03,2.484831802256182859e-02
-9.096724999999999950e-01,1.663634999999999975e+00,2.141481999999999886e+00,3.795588249533791547e-03,3.051235446171928281e-02
-9.095819000000000543e-01,1.663856999999999919e+00,2.141230000000000189e+00,3.862118977970443665e-03,0.000000000000000000e+00
-9.095819000000000543e-01,1.663856999999999919e+00,2.141230000000000189e+00,3.862118977970443665e-03,1.043254977233135095e-01
-9.094345999999999819e-01,1.664538000000000073e+00,2.140330000000000066e+00,3.783049119427287638e-03,0.000000000000000000e+00
-9.094345999999999819e-01,1.664538000000000073e+00,2.140330000000000066e+00,3.783049119427287638e-03,7.693691015769714425e-02
-9.091789999999999594e-01,1.664882999999999891e+00,2.139653000000000027e+00,3.793133406564971107e-03,3.534399301292136253e-02
-9.091004999999999781e-01,1.665045000000000108e+00,2.139311999999999880e+00,3.814031710670420794e-03,0.000000000000000000e+00
-9.091004999999999781e-01,1.665045000000000108e+00,2.139311999999999880e+00,3.814031710670420794e-03,4.542540354551945908e-02
-9.090762000000000009e-01,1.665281999999999929e+00,2.138902999999999999e+00,3.841047284270316699e-03,9.350784967242431467e-02
-9.088619000000000003e-01,1.665756999999999932e+00,2.137971999999999984e+00,3.696728181784534727e-03,0.000000000000000000e+00
-9.088619000000000003e-01,1.665756999999999932e+00,2.137971999999999984e+00,3.696728181784534727e-03,5.158100666179689375e-02
-9.089222000000000135e-01,1.666058999999999957e+00,2.137500999999999873e+00,3.602165854038324056e-03,3.515875878821458911e-02
-9.087543000000000148e-01,1.666141000000000094e+00,2.137166000000000121e+00,3.734019685272178292e-03,0.000000000000000000e+00
-9.087543000000000148e-01,1.666141000000000094e+00,2.137166000000000121e+00,3.734019685272178292e-03,1.118946770554414966e-01
-9.086961999999999540e-01,1.666735999999999995e+00,2.136165000000000092e+00,3.586783439239153368e-03,3.339392410214022527e-02
-9.085607999999999462e-01,1.667086000000000068e+00,2.136101000000000028e+00,3.751088860584395491e-03,9.781873367086166282e-02
-9.084672999999999776e-01,1.667898000000000103e+00,2.135340999999999934e+00,3.910689867529764351e-03,0.000000000000000000e+00
-9.084672999999999776e-01,1.667898000000000103e+00,2.135340999999999934e+00,3.910689867529764351e-03,8.989949344528309905e-02
-9.082575000000000509e-01,1.668604999999999894e+00,2.134692999999999952e+00,3.973845115250415269e-03,0.000000000000000000e+00
-9.082575000000000509e-01,1.668604999999999894e+00,2.134692999999999952e+00,3.973845115250415269e-03,7.367651512527254032e-02
-9.079869000000000412e-01,1.669273999999999925e+00,2.134339000000000208e+00,4.337839319292500009e-03,5.298098448919487391e-02
-9.079758999999999469e-01,1.669688000000000061e+00,2.133935000000000137e+00,4.320650201069435939e-03,0.000000000000000000e+00
-9.079758999999999469e-01,1.669688000000000061e+00,2.133935000000000137e+00,4.320650201069435939e-03,8.586983343640931798e-02
-9.082407999999999593e-01,1.670455000000000023e+00,2.133557999999999844e+00,4.071581541612597117e-03,4.910687243815012315e-02
-9.081770999999999594e-01,1.670898999999999912e+00,2.133265000000000189e+00,4.189975374629400715e-03,0.000000000000000000e+00
-9.081770999999999594e-01,1.670898999999999912e+00,2.133265000000000189e+00,4.189975374629400715e-03,5.048909865287196791e-02
-9.081365999999999605e-01,1.671354000000000006e+00,2.133004000000000122e+00,4.360559722100001284e-03,8.359842118495404428e-02
-9.079517999999999756e-01,1.672150000000000025e+00,2.132512000000000185e+00,4.464434509543274525e-03,0.000000000000000000e+00
-9.079517999999999756e-01,1.672150000000000025e+00,2.132512000000000185e+00,4.464434509543274525e-03,4.734921263924692786e-02
-9.081297000000000397e-01,1.672541000000000055e+00,2.132321999999999829e+00,4.372234993684510559e-03,3.582213422214844400e-02
-9.080743999999999483e-01,1.672881000000000062e+00,2.132102000000000164e+00,4.491086462093681064e-03,0.000000000000000000e+00
-9.080743999999999483e-01,1.672881000000000062e+00,2.132102000000000164e+00,4.491086462093681064e-03,1.078779129990354718e-01
-9.079576000000000313e-01,1.673764000000000030e+00,2.131418000000000035e+00,4.610283566116036603e-03,4.138990932425690855e-02
-9.078956000000000248e-01,1.674153999999999920e+00,2.131158999999999804e+00,4.687152862879394657e-03,9.661518249699618810e-02
-9.078030999999999739e-01,1.674911000000000039e+00,2.130363000000000007e+00,4.825997405718410529e-03,3.667696522122955438e-02
-9.077984999999999527e-01,1.675224999999999964e+00,2.130114999999999981e+00,4.786389374048101789e-03,0.000000000000000000e+00
-9.077984999999999527e-01,1.675224999999999964e+00,2.130114999999999981e+00,4.786389374048101789e-03,5.620950059337133375e-02
-9.079148999999999692e-01,1.675613000000000019e+00,2.129582000000000086e+00,4.587396673495861173e-03,8.576584227106863467e-02
-9.077528000000000263e-01,1.676114000000000104e+00,2.128861000000000114e+00,4.711924363781809511e-03,0.000000000000000000e+00
-9.077528000000000263e-01,1.676114000000000104e+00,2.128861000000000114e+00,4.711924363781809511e-03,4.993721942860310931e-02
-9.077743999999999813e-01,1.676446000000000103e+00,2.128368000000000038e+00,4.570205081831756576e-03,8.489627885743250557e-02
-9.079355999999999538e-01,1.677140999999999993e+00,2.127845000000000208e+00,4.468404664978457320e-03,0.000000000000000000e+00
-9.079355999999999538e-01,1.677140999999999993e+00,2.127845000000000208e+00,4.468404664978457320e-03,5.979929072323925815e-02
-9.079639999999999933e-01,1.677518000000000065e+00,2.127276999999999862e+00,4.446314227537257954e-03,4.636426668938992135e-02
-9.078521999999999981e-01,1.677834999999999965e+00,2.126930000000000209e+00,4.499038870692360567e-03,7.630372058481572906e-02
-9.077631999999999923e-01,1.678425000000000056e+00,2.126295999999999964e+00,4.486401337374984824e-03,0.000000000000000000e+00
-9.077631999999999923e-01,1.678425000000000056e+00,2.126295999999999964e+00,4.486401337374984824e-03,3.426588848834815487e-02
-9.078754999999999464e-01,1.678690999999999933e+00,2.126058000000000003e+00,4.432190069254702582e-03,3.726497006815254753e-02
-9.078403000000000445e-01,1.678857999999999961e+00,2.125688999999999940e+00,4.429659861659733001e-03,7.390274720686147714e-02
-9.077036000000000548e-01,1.679467000000000043e+00,2.125122000000000178e+00,4.510932232920474190e-03,5.454681579992710222e-02
-9.075531999999999488e-01,1.679996999999999963e+00,2.124896999999999814e+00,4.744894128428953604e-03,0.000000000000000000e+00
-9.075531999999999488e-01,1.679996999999999963e+00,2.124896999999999814e+00,4.744894128428953604e-03,6.706850191638942527e-02
-9.075322000000000111e-01,1.680590999999999946e+00,2.124414999999999942e+00,4.888111075865533145e-03,4.015430579545770096e-02
-9.074624000000000024e-01,1.680779999999999941e+00,2.124026000000000192e+00,4.887291699909131724e-03,0.000000000000000000e+00
-9.074624000000000024e-01,1.680779999999999941e+00,2.124026000000000192e+00,4.887291699909131724e-03,4.289045281351334254e-02
-9.073919999999999764e-01,1.680922000000000027e+00,2.123562999999999867e+00,4.738144535575033664e-03,1.054965583054115058e-01
-9.070430000000000437e-01,1.681097999999999981e+00,2.122370000000000090e+00,4.632087222840256674e-03,0.000000000000000000e+00
-9.070430000000000437e-01,1.681097999999999981e+00,2.122370000000000090e+00,4.632087222840256674e-03,4.191475109279464706e-02
-9.069637999999999867e-01,1.681275000000000075e+00,2.121910000000000185e+00,4.683242680024278862e-03,5.814302869737778684e-02
-9.070361000000000118e-01,1.681526000000000076e+00,2.121363999999999805e+00,4.423831217395013914e-03,0.000000000000000000e+00
-9.070361000000000118e-01,1.681526000000000076e+00,2.121363999999999805e+00,4.423831217395013914e-03,2.969885528663564894e-02
-9.070150999999999630e-01,1.681731000000000087e+00,2.121094999999999953e+00,4.394526964304547832e-03,2.730089541400378128e-02
-9.068600999999999468e-01,1.681931000000000065e+00,2.120964999999999989e+00,4.551496483575484704e-03,7.523388104284944866e-02
-9.066224000000000505e-01,1.682633999999999963e+00,2.120534999999999837e+00,4.929595343433222122e-03,4.401854545764295745e-02
-9.064044999999999463e-01,1.683035000000000059e+00,2.120277000000000189e+00,5.162138112255439462e-03,0.000000000000000000e+00
-9.064044999999999463e-01,1.683035000000000059e+00,2.120277000000000189e+00,5.162138112255439462e-03,4.880766791934320475e-02
-9.062303999999999915e-01,1.683543999999999929e+00,2.120133000000000045e+00,5.403743865136340085e-03,7.557563834362938937e-02
-9.058775999999999495e-01,1.684323999999999932e+00,2.120035999999999810e+00,5.973271803626374263e-03,0.000000000000000000e+00
-9.058775999999999495e-01,1.684323999999999932e+00,2.120035999999999810e+00,5.973271803626374263e-03,5.062053587584749992e-02
-9.055703000000000502e-01,1.684731999999999896e+00,2.119826000000000210e+00,6.341620553927710194e-03,9.158836216721261136e-02
-9.049989999999999979e-01,1.685559999999999947e+00,2.119543000000000177e+00,7.071681146658190600e-03,0.000000000000000000e+00
-9.049989999999999979e-01,1.685559999999999947e+00,2.119543000000000177e+00,7.071681146658190600e-03,5.789951001241589595e-02
-9.046980999999999495e-01,1.686099000000000014e+00,2.119409000000000098e+00,7.466639424131939380e-03,4.839201274721108975e-02
-9.044328000000000367e-01,1.686471000000000053e+00,2.119098999999999844e+00,7.713351930256979322e-03,1.093471339454523822e-01
-9.037115999999999483e-01,1.687211999999999934e+00,2.118504000000000165e+00,8.451012794334416753e-03,0.000000000000000000e+00
-9.037115999999999483e-01,1.687211999999999934e+00,2.118504000000000165e+00,8.451012794334416753e-03,4.847206030760222578e-02
-9.034773999999999861e-01,1.687597999999999931e+00,2.118145000000000167e+00,8.620243946084311243e-03,1.156158239000107252e-01
-9.028125000000000178e-01,1.688399999999999901e+00,2.117539999999999978e+00,9.271870521097715090e-03,4.794694629377123374e-02
-9.026737000000000233e-01,1.688765999999999989e+00,2.117192999999999881e+00,9.449975278274586749e-03,1.993627954699334071e-02
-9.025731000000000170e-01,1.688930999999999960e+00,2.117312999999999779e+00,9.651955708559797897e-03,0.000000000000000000e+00
-9.025731000000000170e-01,1.688930999999999960e+00,2.117312999999999779e+00,9.651955708559797897e-03,8.453281100611619026e-02
-9.023453999999999642e-01,1.689500999999999920e+00,2.116569000000000145e+00,9.760292631371196917e-03,3.334701270674892554e-02
-9.020650000000000057e-01,1.689654999999999907e+00,2.116363000000000216e+00,9.971638341315763529e-03,0.000000000000000000e+00
-9.020650000000000057e-01,1.689654999999999907e+00,2.116363000000000216e+00,9.971638341315763529e-03,3.989912493218887579e-02
-9.019519999999999760e-01,1.689751000000000003e+00,2.115933000000000064e+00,9.951429726928627886e-03,7.946674429885512703e-02
-9.017538999999999971e-01,1.689975000000000005e+00,2.115076999999999874e+00,9.922957938538217240e-03,0.000000000000000000e+00
-9.017538999999999971e-01,1.689975000000000005e+00,2.115076999999999874e+00,9.922957938538217240e-03,2.908928351976835039e-02
-9.015307000000000182e-01,1.690067999999999904e+00,2.114870999999999945e+00,1.005503916899373046e-02,1.297284591222560013e-01
-9.012550999999999757e-01,1.690233000000000096e+00,2.113360999999999823e+00,9.844809113944252843e-03,0.000000000000000000e+00
-9.012550999999999757e-01,1.690233000000000096e+00,2.113360999999999823e+00,9.844809113944252843e-03,3.614743262112291716e-02
-9.010390999999999817e-01,1.690304999999999946e+00,2.113039000000000112e+00,9.984664125046983918e-03,4.299521055431130417e-02
-9.009141999999999983e-01,1.690361000000000002e+00,2.112546000000000035e+00,9.920512837550268109e-03,0.000000000000000000e+00
-9.009141999999999983e-01,1.690361000000000002e+00,2.112546000000000035e+00,9.920512837550268109e-03,1.292981449929758164e-01
-9.006712000000000051e-01,1.690320999999999962e+00,2.111156999999999950e+00,9.718720006255910857e-03,0.000000000000000000e+00
-9.006712000000000051e-01,1.690320999999999962e+00,2.111156999999999950e+00,9.718720006255910857e-03,5.587668342619924594e-02
-9.005828000000000166e-01,1.690104000000000051e+00,2.110624000000000056e+00,9.630869638822843817e-03,4.337064980369671752e-02
-9.006072999999999995e-01,1.690120000000000067e+00,2.110129999999999839e+00,9.476119247877752907e-03,0.000000000000000000e+00
-9.006072999999999995e-01,1.690120000000000067e+00,2.110129999999999839e+00,9.476119247877752907e-03,3.758914354324261603e-02
-9.007460999999999940e-01,1.690094999999999903e+00,2.109764999999999890e+00,9.232204950064697851e-03,6.694838356549193126e-02
-9.008745999999999698e-01,1.690091999999999928e+00,2.109011999999999887e+00,8.923325282090730295e-03,0.000000000000000000e+00
-9.008745999999999698e-01,1.690091999999999928e+00,2.109011999999999887e+00,8.923325282090730295e-03,4.826287346808930817e-02
-9.010093000000000130e-01,1.690185000000000048e+00,2.108537000000000106e+00,8.723902223202639056e-03,2.334106146934904896e-02
-9.010696000000000261e-01,1.690212000000000048e+00,2.108279000000000014e+00,8.633484064385561416e-03,1.176212301145717065e-01
-9.014630000000000143e-01,1.690560000000000063e+00,2.107044000000000139e+00,8.013369466709989453e-03,0.000000000000000000e+00
-9.014630000000000143e-01,1.690560000000000063e+00,2.107044000000000139e+00,8.013369466709989453e-03,3.590466224504652165e-02
-9.015064000000000410e-01,1.690503000000000089e+00,2.106641000000000208e+00,7.885921904888463368e-03,1.000297865142645709e-01
-9.017403000000000501e-01,1.690866999999999898e+00,2.105531000000000041e+00,7.532677534582228086e-03,0.000000000000000000e+00
-9.017403000000000501e-01,1.690866999999999898e+00,2.105531000000000041e+00,7.532677534582228086e-03,1.803367470754441843e-02
-9.016771000000000091e-01,1.691035999999999984e+00,2.105449000000000126e+00,7.582384991544597469e-03,4.923516086508098605e-02
-9.017916000000000265e-01,1.691229000000000093e+00,2.104934000000000083e+00,7.369838112876037593e-03,7.452832136355541648e-02
-9.021354000000000317e-01,1.691529000000000060e+00,2.104261000000000159e+00,6.965603664435693863e-03,4.594189831134262714e-02
-9.022563000000000111e-01,1.691761999999999988e+00,2.103833999999999982e+00,6.850857058791964480e-03,0.000000000000000000e+00
-9.022563000000000111e-01,1.691761999999999988e+00,2.103833999999999982e+00,6.850857058791964480e-03,7.596811845743091374e-02
-9.020791000000000226e-01,1.692282999999999982e+00,2.103264999999999940e+00,6.908461287435736092e-03,4.605949527399894744e-02
-9.020846000000000142e-01,1.692512999999999934e+00,2.102793000000000134e+00,6.837194673987197213e-03,0.000000000000000000e+00
-9.020846000000000142e-01,1.692512999999999934e+00,2.102793000000000134e+00,6.837194673987197213e-03,5.242421034625286552e-02
-9.020987000000000311e-01,1.692762000000000100e+00,2.102307000000000148e+00,6.799633004802474630e-03,8.289100576664619469e-02
-9.016771000000000091e-01,1.693251000000000062e+00,2.101617000000000068e+00,7.117714990781821849e-03,0.000000000000000000e+00
-9.016771000000000091e-01,1.693251000000000062e+00,2.101617000000000068e+00,7.117714990781821849e-03,2.686446700166039009e-02
-9.014372999999999969e-01,1.693357999999999919e+00,2.101519999999999833e+00,7.336398929311250400e-03,4.321926595453088465e-02
-9.011637999999999593e-01,1.693475999999999981e+00,2.101126999999999967e+00,7.532287633913108994e-03,0.000000000000000000e+00
-9.011637999999999593e-01,1.693475999999999981e+00,2.101126999999999967e+00,7.532287633913108994e-03,1.130239981310306036e-01
-9.006766999999999967e-01,1.693845999999999963e+00,2.100054999999999783e+00,7.891953274696925091e-03,4.645912425425869491e-02
-9.003820000000000157e-01,1.693905999999999912e+00,2.099647000000000041e+00,8.076967005008756431e-03,6.595636175347491248e-02
-9.001500999999999530e-01,1.694032999999999900e+00,2.098908000000000218e+00,8.182728811955163051e-03,2.631026479656034880e-02
-8.999133000000000271e-01,1.693980999999999959e+00,2.098780000000000090e+00,8.396523524054446894e-03,0.000000000000000000e+00
-8.999133000000000271e-01,1.693980999999999959e+00,2.098780000000000090e+00,8.396523524054446894e-03,4.428058714432561715e-02
-8.998635000000000383e-01,1.694101999999999997e+00,2.098291999999999824e+00,8.415574564460768375e-03,6.546607606919782607e-02
-8.994531999999999528e-01,1.694339999999999957e+00,2.097757999999999790e+00,8.711744759805586935e-03,0.000000000000000000e+00
-8.994531999999999528e-01,1.694339999999999957e+00,2.097757999999999790e+00,8.711744759805586935e-03,4.651440839047316089e-02
-8.994292999999999871e-01,1.694363000000000063e+00,2.097205000000000208e+00,8.635876808408111949e-03,3.698605500720673206e-02
-8.992841000000000307e-01,1.694117000000000095e+00,2.096919999999999895e+00,8.739767725174372656e-03,4.372295874974678476e-02
-8.993440000000000323e-01,1.694131999999999971e+00,2.096446999999999949e+00,8.638233861154719084e-03,0.000000000000000000e+00
-8.993440000000000323e-01,1.694131999999999971e+00,2.096446999999999949e+00,8.638233861154719084e-03,1.063742292894561021e-02
-8.994185999999999570e-01,1.694063000000000097e+00,2.096403000000000016e+00,8.561635815660538842e-03,3.955686264831452525e-02
-8.993138999999999994e-01,1.694058000000000064e+00,2.095963999999999938e+00,8.652605134293413908e-03,0.000000000000000000e+00
-8.993138999999999994e-01,1.694058000000000064e+00,2.095963999999999938e+00,8.652605134293413908e-03,2.888969865584186530e-02
-8.991919000000000439e-01,1.694148999999999905e+00,2.095687999999999995e+00,8.717229160690878956e-03,1.679838471305255057e-02
-8.990411999999999848e-01,1.694207999999999936e+00,2.095774000000000026e+00,8.875772485254477748e-03,5.612623024118198328e-02
-8.990485999999999756e-01,1.694263000000000075e+00,2.095136000000000109e+00,8.757874014279987476e-03,3.260834047158731042e-02
-8.990175999999999723e-01,1.694163000000000086e+00,2.094796000000000102e+00,8.759725523668002514e-03,0.000000000000000000e+00
-8.990175999999999723e-01,1.694163000000000086e+00,2.094796000000000102e+00,8.759725523668002514e-03,7.010400677954459203e-02
-8.988285000000000302e-01,1.694215000000000027e+00,2.094056000000000139e+00,8.906492438665161715e-03,2.881994135190597134e-02
-8.987462999999999980e-01,1.694147999999999987e+00,2.093760000000000066e+00,8.997236377910739630e-03,0.000000000000000000e+00
-8.987462999999999980e-01,1.694147999999999987e+00,2.093760000000000066e+00,8.997236377910739630e-03,4.391652697790565663e-02
-8.987547999999999648e-01,1.694188000000000027e+00,2.093239000000000072e+00,8.903781401741674151e-03,4.052560211582351829e-02
-8.983497999999999761e-01,1.694074999999999998e+00,2.093278000000000194e+00,9.324206628448404241e-03,0.000000000000000000e+00
-8.983497999999999761e-01,1.694074999999999998e+00,2.093278000000000194e+00,9.324206628448404241e-03,4.403712136725671661e-02
-8.982643999999999629e-01,1.694185000000000052e+00,2.092750000000000110e+00,9.333683785622952714e-03,7.695774932733090434e-02
-8.978418999999999706e-01,1.694271000000000083e+00,2.092119999999999980e+00,9.710347870184689312e-03,0.000000000000000000e+00
-8.978418999999999706e-01,1.694271000000000083e+00,2.092119999999999980e+00,9.710347870184689312e-03,3.893363909724461419e-02
-8.978245000000000253e-01,1.694385000000000030e+00,2.091690999999999967e+00,9.715709013756981122e-03,8.603035175559714531e-02
-8.979918999999999540e-01,1.694671000000000038e+00,2.090859000000000023e+00,9.390241969193342461e-03,0.000000000000000000e+00
-8.979918999999999540e-01,1.694671000000000038e+00,2.090859000000000023e+00,9.390241969193342461e-03,1.145468499946937779e-01
-8.982073999999999891e-01,1.694919000000000064e+00,2.089593999999999951e+00,9.111265982836824415e-03,0.000000000000000000e+00
-8.982073999999999891e-01,1.694919000000000064e+00,2.089593999999999951e+00,9.111265982836824415e-03,1.901331998506291740e-02
-8.981265999999999972e-01,1.695109999999999895e+00,2.089604000000000017e+00,9.141459560157794498e-03,8.277081120678551895e-02
-8.983773999999999926e-01,1.695638999999999896e+00,2.088864000000000054e+00,8.692533681844452978e-03,0.000000000000000000e+00
-8.983773999999999926e-01,1.695638999999999896e+00,2.088864000000000054e+00,8.692533681844452978e-03,2.490854715595316668e-02
-8.982989999999999586e-01,1.695912000000000086e+00,2.088874000000000120e+00,8.721446123780186507e-03,7.274432981230513628e-02
-8.982331999999999539e-01,1.696522000000000086e+00,2.088315000000000143e+00,8.679556959315406356e-03,3.401418365539110589e-02
-8.980078999999999700e-01,1.696728999999999932e+00,2.088525000000000187e+00,8.893937326066594928e-03,0.000000000000000000e+00
-8.980078999999999700e-01,1.696728999999999932e+00,2.088525000000000187e+00,8.893937326066594928e-03,2.772833588023905851e-02
-8.978715000000000446e-01,1.697006000000000014e+00,2.088455999999999868e+00,9.013032189002709998e-03,7.884583584593603256e-02
-8.973204999999999654e-01,1.697594000000000047e+00,2.088757000000000197e+00,9.575996075604924912e-03,0.000000000000000000e+00
-8.973204999999999654e-01,1.697594000000000047e+00,2.088757000000000197e+00,9.575996075604924912e-03,3.799339262043029825e-02
-8.971683999999999770e-01,1.698020000000000085e+00,2.088744999999999852e+00,9.747810267439578277e-03,8.113689844972465925e-02
-8.969367000000000312e-01,1.698803000000000063e+00,2.088960999999999846e+00,1.007581198911521557e-02,0.000000000000000000e+00
-8.969367000000000312e-01,1.698803000000000063e+00,2.088960999999999846e+00,1.007581198911521557e-02,7.317208285842366489e-02
-8.969061000000000394e-01,1.699570999999999943e+00,2.088635000000000019e+00,1.010747573630521937e-02,0.000000000000000000e+00
-8.969061000000000394e-01,1.699570999999999943e+00,2.088635000000000019e+00,1.010747573630521937e-02,4.830058940324279126e-02
-8.971746000000000443e-01,1.699805999999999928e+00,2.088214999999999932e+00,9.793603739686346579e-03,1.572884925949907114e-02
-8.973514999999999686e-01,1.699823000000000084e+00,2.088239999999999874e+00,9.632157286921768161e-03,0.000000000000000000e+00
-8.973514999999999686e-01,1.699823000000000084e+00,2.088239999999999874e+00,9.632157286921768161e-03,2.315451757317865678e-02
-8.975248000000000115e-01,1.699962999999999891e+00,2.088098000000000010e+00,9.463512597867625512e-03,1.272953803809963036e-01
-8.980888999999999678e-01,1.699975000000000014e+00,2.086828999999999823e+00,8.716460311387877816e-03,0.000000000000000000e+00
-8.980888999999999678e-01,1.699975000000000014e+00,2.086828999999999823e+00,8.716460311387877816e-03,2.315838019016718333e-02
-8.981818999999999775e-01,1.699843999999999911e+00,2.086634000000000100e+00,8.552974205503082947e-03,8.560560420181108354e-02
-8.985796000000000339e-01,1.699710000000000054e+00,2.085751999999999828e+00,7.939277675582299965e-03,0.000000000000000000e+00
-8.985796000000000339e-01,1.699710000000000054e+00,2.085751999999999828e+00,7.939277675582299965e-03,2.579375706023612908e-02
-8.986931000000000225e-01,1.699621999999999966e+00,2.085510000000000197e+00,7.773459651918222454e-03,4.020243236954089416e-02
-8.988817000000000057e-01,1.699681999999999915e+00,2.085074000000000094e+00,7.532712050782265981e-03,0.000000000000000000e+00
-8.988817000000000057e-01,1.699681999999999915e+00,2.085074000000000094e+00,7.532712050782265981e-03,7.166780249632447031e-02
-8.990787999999999558e-01,1.699657999999999891e+00,2.084316999999999975e+00,7.252607928186985929e-03,4.077437819472451430e-02
-8.992145000000000277e-01,1.699758000000000102e+00,2.083861999999999881e+00,7.005751252363982308e-03,5.689615413318242776e-02
-8.995490000000000430e-01,1.699526000000000092e+00,2.083431000000000033e+00,6.577474497099906198e-03,4.013172450141737346e-02
-8.997085000000000221e-01,1.699618999999999991e+00,2.083034000000000052e+00,6.359345438801059479e-03,0.000000000000000000e+00
-8.997085000000000221e-01,1.699618999999999991e+00,2.083034000000000052e+00,6.359345438801059479e-03,2.399168850352549967e-02
-8.997359000000000329e-01,1.699665999999999899e+00,2.082790000000000141e+00,6.306473440045529469e-03,5.170158231787138486e-02
-8.997787999999999897e-01,1.700039000000000078e+00,2.082335000000000047e+00,6.266161405517748847e-03,1.663683354918518015e-02
-8.997597999999999985e-01,1.699934000000000056e+00,2.082491999999999788e+00,6.280134438051458538e-03,0.000000000000000000e+00
-8.997597999999999985e-01,1.699934000000000056e+00,2.082491999999999788e+00,6.280134438051458538e-03,3.846943736219545634e-02
-8.996750999999999499e-01,1.699982000000000104e+00,2.082063999999999915e+00,6.319989734960083060e-03,8.664753995218539562e-02
-8.994708000000000148e-01,1.700264999999999915e+00,2.081138999999999850e+00,6.318151900674738933e-03,0.000000000000000000e+00
-8.994708000000000148e-01,1.700264999999999915e+00,2.081138999999999850e+00,6.318151900674738933e-03,5.768531170914616840e-02
-8.992712000000000483e-01,1.700654000000000110e+00,2.080646999999999913e+00,6.491233439031423094e-03,1.646875637702227280e-01
-8.989667999999999548e-01,1.701542000000000110e+00,2.079114999999999824e+00,6.587635558377506230e-03,0.000000000000000000e+00
-8.989667999999999548e-01,1.701542000000000110e+00,2.079114999999999824e+00,6.587635558377506230e-03,3.815452280431096826e-02
-8.987927000000000000e-01,1.701738999999999891e+00,2.078768000000000171e+00,6.750452841106241615e-03,4.690353548300086467e-02
-8.987285999999999886e-01,1.701980999999999966e+00,2.078294999999999781e+00,6.789151923473043040e-03,1.312154278394777607e-01
-8.986834999999999685e-01,1.702515999999999918e+00,2.077039000000000080e+00,6.640845299357551156e-03,5.174497352912943438e-02
-8.985748000000000069e-01,1.702758999999999912e+00,2.076512000000000135e+00,6.752989708269874214e-03,0.000000000000000000e+00
-8.985748000000000069e-01,1.702758999999999912e+00,2.076512000000000135e+00,6.752989708269874214e-03,1.228220904613924469e-01
-8.983598000000000416e-01,1.703356000000000092e+00,2.075401999999999969e+00,6.801113244168197070e-03,5.290394785846202347e-02
-8.981995999999999869e-01,1.703640000000000043e+00,2.074894000000000016e+00,6.955607605378601350e-03,0.000000000000000000e+00
-8.981995999999999869e-01,1.703640000000000043e+00,2.074894000000000016e+00,6.955607605378601350e-03,5.316693132479361622e-02
-8.980072000000000054e-01,1.703942999999999985e+00,2.074472000000000094e+00,7.164773496070809579e-03,1.130651618767706951e-01
-8.975461000000000134e-01,1.704414000000000096e+00,2.073363000000000067e+00,7.445486280962393399e-03,0.000000000000000000e+00
-8.975461000000000134e-01,1.704414000000000096e+00,2.073363000000000067e+00,7.445486280962393399e-03,7.456369003080234870e-02
-8.973621999999999987e-01,1.704609999999999959e+00,2.072633999999999865e+00,7.591954442039195762e-03,6.206033481140565272e-02
-8.971031000000000422e-01,1.704690999999999956e+00,2.071979999999999933e+00,7.661864927026476417e-03,0.000000000000000000e+00
-8.971031000000000422e-01,1.704690999999999956e+00,2.071979999999999933e+00,7.661864927026476417e-03,1.639304807022573252e-01
-8.966315000000000257e-01,1.704639999999999933e+00,2.070339000000000151e+00,7.808044992826254464e-03,6.246990836687849047e-02
-8.963537000000000310e-01,1.704671000000000047e+00,2.069684000000000079e+00,7.905599223967730779e-03,1.771414130294945433e-01
-8.960896000000000416e-01,1.704472999999999905e+00,2.067778000000000116e+00,7.783110129633294752e-03,1.089225771003034943e-01
-8.960093999999999559e-01,1.704380000000000006e+00,2.066596000000000100e+00,7.651626444750264308e-03,0.000000000000000000e+00
-8.960093999999999559e-01,1.704380000000000006e+00,2.066596000000000100e+00,7.651626444750264308e-03,9.088246090930272858e-02
-8.958511000000000113e-01,1.704164999999999930e+00,2.065593999999999930e+00,7.604213848255433200e-03,1.637593286515006685e-01
-8.953381000000000256e-01,1.703718000000000066e+00,2.063941999999999943e+00,7.876535301768064143e-03,8.259238031513516098e-02
-8.951911999999999647e-01,1.703492000000000006e+00,2.063038999999999845e+00,7.830008125793978813e-03,0.000000000000000000e+00
-8.951911999999999647e-01,1.703492000000000006e+00,2.063038999999999845e+00,7.830008125793978813e-03,1.496458696202738470e-01
-8.948637999999999870e-01,1.703100999999999976e+00,2.061567000000000149e+00,8.013637311483563438e-03,6.524670035597324169e-02
-8.947034000000000376e-01,1.702949000000000046e+00,2.060821999999999932e+00,8.051695535724132796e-03,0.000000000000000000e+00
-8.947034000000000376e-01,1.702949000000000046e+00,2.060821999999999932e+00,8.051695535724132796e-03,9.885977758834570139e-02
-8.944914000000000476e-01,1.702938000000000063e+00,2.059813999999999812e+00,8.184978680485361507e-03,1.391280531667264120e-01
-8.941082999999999670e-01,1.702922000000000047e+00,2.058275000000000077e+00,8.308256811148839044e-03,0.000000000000000000e+00
-8.941082999999999670e-01,1.702922000000000047e+00,2.058275000000000077e+00,8.308256811148839044e-03,3.813093010762266810e-02
-8.940301000000000498e-01,1.702833999999999959e+00,2.057875999999999816e+00,8.378804508997684392e-03,6.510173251013486040e-02
-8.938490999999999520e-01,1.702701999999999938e+00,2.057202000000000197e+00,8.465852957026905046e-03,7.076359325351302965e-02
-8.932854999999999546e-01,1.702809999999999935e+00,2.056633999999999851e+00,8.896727189815390943e-03,5.945058128882967086e-02
-8.932930999999999511e-01,1.702914999999999957e+00,2.055994000000000099e+00,8.812974054767271775e-03,0.000000000000000000e+00
-8.932930999999999511e-01,1.702914999999999957e+00,2.055994000000000099e+00,8.812974054767271775e-03,5.653559132984220525e-02
-8.928741999999999512e-01,1.702941000000000038e+00,2.055541999999999980e+00,9.160726661133438906e-03,3.093146773531261010e-02
-8.927844000000000335e-01,1.703011000000000053e+00,2.055223999999999940e+00,9.166554835923873892e-03,0.000000000000000000e+00
-8.927844000000000335e-01,1.703011000000000053e+00,2.055223999999999940e+00,9.166554835923873892e-03,4.147236879249331654e-02
-8.927848000000000450e-01,1.703090999999999910e+00,2.054736999999999814e+00,9.069875743360506642e-03,5.795065000838101749e-02
-8.926832999999999574e-01,1.703289999999999971e+00,2.054176000000000002e+00,9.073859336026821043e-03,0.000000000000000000e+00
-8.926832999999999574e-01,1.703289999999999971e+00,2.054176000000000002e+00,9.073859336026821043e-03,4.573701698477510014e-02
-8.925632999999999484e-01,1.703411999999999926e+00,2.053682999999999925e+00,9.141811693532137656e-03,1.298630105701941984e-01
-8.921356000000000286e-01,1.703800999999999899e+00,2.052461000000000091e+00,9.279086938379208296e-03,4.333471530261614330e-02
-8.919675000000000242e-01,1.703977999999999993e+00,2.052030999999999938e+00,9.387229250423102800e-03,0.000000000000000000e+00
-8.919675000000000242e-01,1.703977999999999993e+00,2.052030999999999938e+00,9.387229250423102800e-03,9.766752791886117516e-03
-8.918764999999999610e-01,1.703943999999999903e+00,2.052061000000000135e+00,9.482864229756783614e-03,8.326906576483299183e-02
-8.917074000000000389e-01,1.704342000000000024e+00,2.051215000000000011e+00,9.479597014641500882e-03,7.224700666602411336e-02
-8.919342000000000104e-01,1.704493000000000036e+00,2.050437000000000065e+00,9.118590956940689218e-03,0.000000000000000000e+00
-8.919342000000000104e-01,1.704493000000000036e+00,2.050437000000000065e+00,9.118590956940689218e-03,4.742220023889977265e-02
-8.919635000000000202e-01,1.704598000000000058e+00,2.049907000000000146e+00,9.032786682414252824e-03,1.127961209860089825e-01
-8.923442000000000318e-01,1.704766999999999921e+00,2.048630999999999869e+00,8.428137704143176534e-03,0.000000000000000000e+00
-8.923442000000000318e-01,1.704766999999999921e+00,2.048630999999999869e+00,8.428137704143176534e-03,3.746141943838170174e-02
-8.924005000000000409e-01,1.704804999999999904e+00,2.048208999999999946e+00,8.309226547037926527e-03,2.209286492499742405e-01
-8.933596999999999788e-01,1.705268999999999924e+00,2.046047000000000171e+00,7.034063025023341159e-03,0.000000000000000000e+00
-8.933596999999999788e-01,1.705268999999999924e+00,2.046047000000000171e+00,7.034063025023341159e-03,4.860380192747287831e-02
-8.935750000000000082e-01,1.705329000000000095e+00,2.045539999999999914e+00,6.771580262390723866e-03,5.665830821911169851e-02
-8.938401000000000263e-01,1.705322999999999922e+00,2.044980999999999938e+00,6.481861075339325276e-03,1.144899106300869551e-01
-8.943778999999999479e-01,1.705292999999999948e+00,2.043854000000000060e+00,5.696815043513388244e-03,5.520195138926493189e-02
-8.947055000000000424e-01,1.705241000000000007e+00,2.043286999999999853e+00,5.309551446214579203e-03,0.000000000000000000e+00
-8.947055000000000424e-01,1.705241000000000007e+00,2.043286999999999853e+00,5.309551446214579203e-03,1.168948372791675239e-01
-8.950540999999999636e-01,1.705189999999999984e+00,2.042120999999999853e+00,4.789579531649921541e-03,5.234765808390494379e-02
-8.952860999999999736e-01,1.705151000000000083e+00,2.041571999999999942e+00,4.448760151997419379e-03,0.000000000000000000e+00
-8.952860999999999736e-01,1.705151000000000083e+00,2.041571999999999942e+00,4.448760151997419379e-03,5.089027389462142531e-02
-8.955387999999999682e-01,1.705054000000000070e+00,2.041116000000000152e+00,4.145903081356368952e-03,8.289464423366761647e-02
-8.956952000000000247e-01,1.704968000000000039e+00,2.040144999999999875e+00,3.897405835937421334e-03,0.000000000000000000e+00
-8.956952000000000247e-01,1.704968000000000039e+00,2.040144999999999875e+00,3.897405835937421334e-03,5.477560440333863190e-02
-8.958013000000000225e-01,1.705003999999999964e+00,2.039557999999999982e+00,3.636757753824081292e-03,6.553906703525912147e-02
-8.954442000000000235e-01,1.704514000000000085e+00,2.039937000000000111e+00,4.073098850997804166e-03,0.000000000000000000e+00
-8.954442000000000235e-01,1.704514000000000085e+00,2.039937000000000111e+00,4.073098850997804166e-03,8.007683923561641215e-02
-8.949711000000000194e-01,1.704102000000000006e+00,2.040544999999999831e+00,4.755171980065347331e-03,3.931221041829689733e-02
-8.950380999999999476e-01,1.704215999999999953e+00,2.040137000000000089e+00,4.544137229441937847e-03,6.642517588778852622e-02
-8.949424999999999741e-01,1.704239000000000059e+00,2.039352000000000054e+00,4.472287562310816970e-03,7.694066057415596682e-02
-8.951160999999999701e-01,1.704299999999999926e+00,2.038533000000000150e+00,4.270137885361589836e-03,0.000000000000000000e+00
-8.951160999999999701e-01,1.704299999999999926e+00,2.038533000000000150e+00,4.270137885361589836e-03,3.731553248107878640e-02
-8.951365999999999490e-01,1.704344000000000081e+00,2.038110000000000088e+00,4.142669506489746710e-03,9.521208958425640689e-02
-8.954777999999999905e-01,1.704518999999999895e+00,2.037195000000000089e+00,3.586484930959527376e-03,3.751786012293029104e-02
-8.955410000000000315e-01,1.704520999999999953e+00,2.036772000000000027e+00,3.492996701973746440e-03,0.000000000000000000e+00
-8.955410000000000315e-01,1.704520999999999953e+00,2.036772000000000027e+00,3.492996701973746440e-03,7.911619960909378746e-02
-8.956779999999999742e-01,1.704291999999999918e+00,2.035991999999999802e+00,3.325414915465389320e-03,3.566944200155355155e-02
-8.957682000000000144e-01,1.704229999999999912e+00,2.035600000000000076e+00,3.104494509578025353e-03,0.000000000000000000e+00
-8.957682000000000144e-01,1.704229999999999912e+00,2.035600000000000076e+00,3.104494509578025353e-03,6.559287743704750318e-02
-8.959055000000000213e-01,1.704272999999999927e+00,2.034898999999999791e+00,2.825047010228287202e-03,6.991164850525329044e-02
-8.961246000000000489e-01,1.704266999999999976e+00,2.034132000000000051e+00,2.645010964060386365e-03,0.000000000000000000e+00
-8.961246000000000489e-01,1.704266999999999976e+00,2.034132000000000051e+00,2.645010964060386365e-03,6.672067696025725525e-02
-8.961352999999999680e-01,1.704377999999999949e+00,2.033412000000000219e+00,2.420418494806263372e-03,3.871580870761593546e-02
-8.961605999999999739e-01,1.704372999999999916e+00,2.032970999999999862e+00,2.277346262648660604e-03,6.362844873635972731e-02
-8.958492000000000122e-01,1.704461999999999922e+00,2.032357000000000191e+00,2.565100341117251912e-03,2.670199409651827574e-02
-8.957726999999999773e-01,1.704604999999999926e+00,2.032115000000000116e+00,2.686280180844889936e-03,0.000000000000000000e+00
-8.957726999999999773e-01,1.704604999999999926e+00,2.032115000000000116e+00,2.686280180844889936e-03,3.605019995811713923e-02
-8.955788999999999556e-01,1.704706000000000055e+00,2.031788000000000149e+00,2.911088677797525181e-03,2.732998534156871884e-02
-8.955568999999999891e-01,1.704779999999999962e+00,2.031499999999999861e+00,2.832941949634682800e-03,0.000000000000000000e+00
-8.955568999999999891e-01,1.704779999999999962e+00,2.031499999999999861e+00,2.832941949634682800e-03,1.941051118115036389e-02
-8.955773999999999679e-01,1.704860000000000042e+00,2.031305000000000138e+00,2.773943517810104759e-03,2.622637986696477880e-02
-8.953993000000000091e-01,1.704943000000000097e+00,2.031512999999999902e+00,3.025669064851639611e-03,0.000000000000000000e+00
-8.953993000000000091e-01,1.704943000000000097e+00,2.031512999999999902e+00,3.025669064851639611e-03,2.309855949531668118e-02
-8.953284999999999716e-01,1.705076000000000036e+00,2.031311000000000089e+00,3.071270194886904434e-03,3.259481632747976976e-01
-8.964786999999999617e-01,1.706185000000000063e+00,2.028134000000000103e+00,2.795598333094514477e-03,0.000000000000000000e+00
-8.964786999999999617e-01,1.706185000000000063e+00,2.028134000000000103e+00,2.795598333094514477e-03,2.788304259073940902e-02
-8.963837999999999528e-01,1.706256999999999913e+00,2.027839000000000169e+00,2.945758817350806972e-03,2.324191176725785152e-02
-8.963176999999999950e-01,1.706309999999999993e+00,2.027600000000000069e+00,3.076577715579510621e-03,0.000000000000000000e+00
-8.963176999999999950e-01,1.706309999999999993e+00,2.027600000000000069e+00,3.076577715579510621e-03,5.294597629075507850e-02
-8.960692999999999575e-01,1.706242999999999954e+00,2.027054000000000133e+00,3.238649774211562610e-03,0.000000000000000000e+00
-8.960692999999999575e-01,1.706242999999999954e+00,2.027054000000000133e+00,3.238649774211562610e-03,1.640354609074620371e-02
-8.960059000000000218e-01,1.706225000000000103e+00,2.026879000000000097e+00,3.216613256206164902e-03,6.924766870325857471e-02
-8.960040000000000227e-01,1.706315999999999944e+00,2.026129000000000069e+00,3.259030851342222413e-03,4.953247065680400213e-02
-8.961866000000000554e-01,1.706479999999999997e+00,2.025647000000000197e+00,3.396511211522869160e-03,0.000000000000000000e+00
-8.961866000000000554e-01,1.706479999999999997e+00,2.025647000000000197e+00,3.396511211522869160e-03,5.619309924224856478e-02
-8.962499999999999911e-01,1.706240999999999897e+00,2.025085999999999942e+00,3.324907771653321745e-03,3.119869574096278964e-02
-8.962746000000000324e-01,1.706296000000000035e+00,2.024751000000000190e+00,3.388585628252710220e-03,0.000000000000000000e+00
-8.962746000000000324e-01,1.706296000000000035e+00,2.024751000000000190e+00,3.388585628252710220e-03,4.796478766939138438e-02
-8.963598999999999872e-01,1.706166000000000071e+00,2.024275999999999964e+00,3.207153830111796923e-03,8.008973263677413024e-02
-8.969028000000000000e-01,1.706029999999999935e+00,2.023604999999999876e+00,3.056039194774804336e-03,0.000000000000000000e+00
-8.969028000000000000e-01,1.706029999999999935e+00,2.023604999999999876e+00,3.056039194774804336e-03,5.250506346623121795e-02
-8.970977999999999453e-01,1.705959000000000003e+00,2.023042999999999925e+00,3.151046423015705158e-03,5.202887729080273721e-02
-8.972033999999999843e-01,1.705812000000000106e+00,2.022505000000000219e+00,3.171678245030659215e-03,0.000000000000000000e+00
-8.972033999999999843e-01,1.705812000000000106e+00,2.022505000000000219e+00,3.171678245030659215e-03,5.383904215421100869e-02
-8.973280999999999619e-01,1.705642000000000102e+00,2.021927999999999948e+00,3.020264054681374381e-03,0.000000000000000000e+00
-8.973280999999999619e-01,1.705642000000000102e+00,2.021927999999999948e+00,3.020264054681374381e-03,5.967971633812819976e-02
-8.973314999999999486e-01,1.705124000000000084e+00,2.021485999999999894e+00,2.601165131244102726e-03,3.882796438549226958e-02
-8.972061000000000064e-01,1.704846000000000084e+00,2.021192000000000100e+00,2.426766029101219604e-03,0.000000000000000000e+00
-8.972061000000000064e-01,1.704846000000000084e+00,2.021192000000000100e+00,2.426766029101219604e-03,3.253582514768709605e-02
-8.971917999999999838e-01,1.704636999999999958e+00,2.020865999999999829e+00,2.405591821153312340e-03,8.668667099457104397e-02
-8.966950999999999672e-01,1.704077000000000064e+00,2.020361999999999991e+00,1.839265638780832783e-03,0.000000000000000000e+00
-8.966950999999999672e-01,1.704077000000000064e+00,2.020361999999999991e+00,1.839265638780832783e-03,4.922254495729567331e-02
-8.966798999999999742e-01,1.703758000000000106e+00,2.019899999999999807e+00,1.531241081606769762e-03,8.670336882613494112e-02
-8.967673999999999923e-01,1.703089999999999993e+00,2.019235999999999809e+00,1.265023715192929504e-03,0.000000000000000000e+00
-8.967673999999999923e-01,1.703089999999999993e+00,2.019235999999999809e+00,1.265023715192929504e-03,5.578137685144988339e-02
-8.966262000000000398e-01,1.702590999999999966e+00,2.018867000000000189e+00,1.155215430125551513e-03,4.652144578493472293e-02
-8.965471000000000412e-01,1.702234999999999943e+00,2.018514000000000141e+00,6.619034370661963131e-04,0.000000000000000000e+00
-8.965471000000000412e-01,1.702234999999999943e+00,2.018514000000000141e+00,6.619034370661963131e-04,5.673511646508431344e-02
-8.966037999999999508e-01,1.702174000000000076e+00,2.017844000000000193e+00,5.822187647268956467e-04,3.758638255604188766e-02
-8.965064999999999840e-01,1.702009000000000105e+00,2.017481000000000080e+00,7.148664210887410069e-04,7.861162745655214668e-02
-8.962871999999999506e-01,1.701724999999999932e+00,2.016701999999999995e+00,8.203916381825579734e-04,5.007343503855300748e-02
-8.961607999999999796e-01,1.701618999999999993e+00,2.016154999999999919e+00,3.780102644108054464e-04,4.909973046707161171e-02
-8.960114000000000134e-01,1.701494000000000062e+00,2.015655999999999892e+00,4.610043383744544796e-04,0.000000000000000000e+00
-8.960114000000000134e-01,1.701494000000000062e+00,2.015655999999999892e+00,4.610043383744544796e-04,1.050928559916156635e-01
-8.956484999999999586e-01,1.701225999999999905e+00,2.014545000000000030e+00,6.634630057507756020e-04,5.638326639334856338e-02
-8.954718000000000400e-01,1.701175000000000104e+00,2.013958000000000137e+00,4.396995451441546368e-04,0.000000000000000000e+00
-8.954718000000000400e-01,1.701175000000000104e+00,2.013958000000000137e+00,4.396995451441546368e-04,5.137931205032243709e-02
-8.951909999999999590e-01,1.701149999999999940e+00,2.013443999999999789e+00,8.459334548297629298e-04,1.187637674981282532e-01
-8.945703999999999878e-01,1.701238000000000028e+00,2.012309999999999821e+00,1.321316600970361696e-03,0.000000000000000000e+00
-8.945703999999999878e-01,1.701238000000000028e+00,2.012309999999999821e+00,1.321316600970361696e-03,5.601540277709273624e-02
-8.942944999999999922e-01,1.701125999999999916e+00,2.011712999999999862e+00,1.438810359289851128e-03,1.151457126249821328e-01
-8.942784999999999762e-01,1.700974999999999904e+00,2.010524000000000200e+00,1.647483608416235945e-03,0.000000000000000000e+00
-8.942784999999999762e-01,1.700974999999999904e+00,2.010524000000000200e+00,1.647483608416235945e-03,5.189867392345902386e-02
-8.941641000000000172e-01,1.700927000000000078e+00,2.009919000000000011e+00,1.592082422489652293e-03,5.320311644917883470e-02
-8.941052000000000444e-01,1.700949999999999962e+00,2.009342000000000183e+00,1.774237585556140157e-03,1.024919716302913758e-01
-8.944151000000000185e-01,1.701141000000000014e+00,2.008338000000000179e+00,2.190538200990722016e-03,4.500577980230924258e-02
-8.946661999999999670e-01,1.701148000000000104e+00,2.007864999999999789e+00,2.145309767842417444e-03,0.000000000000000000e+00
-8.946661999999999670e-01,1.701148000000000104e+00,2.007864999999999789e+00,2.145309767842417444e-03,9.654407095727368660e-02
-8.950129000000000001e-01,1.701113000000000097e+00,2.006870000000000154e+00,2.397396106195172003e-03,5.018828040887386016e-02
-8.953619000000000439e-01,1.701114999999999933e+00,2.006416000000000199e+00,2.693482817839925204e-03,0.000000000000000000e+00
-8.953619000000000439e-01,1.701114999999999933e+00,2.006416000000000199e+00,2.693482817839925204e-03,5.775445540226084584e-02
-8.958468000000000542e-01,1.701132000000000088e+00,2.006013999999999964e+00,3.069281616274448666e-03,8.141239089670347651e-02
-8.963474999999999637e-01,1.701178999999999997e+00,2.005233000000000043e+00,3.442671528043212033e-03,0.000000000000000000e+00
-8.963474999999999637e-01,1.701178999999999997e+00,2.005233000000000043e+00,3.442671528043212033e-03,4.737044145799765293e-02
-8.963797000000000015e-01,1.701041000000000025e+00,2.004735999999999851e+00,3.497733221673729985e-03,5.048118685607660971e-02
-8.965971000000000357e-01,1.700903999999999971e+00,2.004192999999999891e+00,3.747891568602264387e-03,0.000000000000000000e+00
-8.965971000000000357e-01,1.700903999999999971e+00,2.004192999999999891e+00,3.747891568602264387e-03,9.496913911971684163e-02
-8.970428000000000290e-01,1.700407999999999920e+00,2.003400000000000070e+00,3.950530597274270680e-03,3.128270212220819052e-02
-8.970103000000000382e-01,1.700302999999999898e+00,2.003044000000000047e+00,3.929526848107827916e-03,0.000000000000000000e+00
-8.970103000000000382e-01,1.700302999999999898e+00,2.003044000000000047e+00,3.929526848107827916e-03,8.837592873393104731e-02
-8.966427000000000147e-01,1.699853999999999976e+00,2.002273999999999887e+00,3.676286606074285340e-03,3.622468357428226121e-02
-8.963543999999999956e-01,1.699591000000000074e+00,2.002089999999999925e+00,3.439697713462827686e-03,0.000000000000000000e+00
-8.963543999999999956e-01,1.699591000000000074e+00,2.002089999999999925e+00,3.439697713462827686e-03,1.040243394429291868e-01
-8.954271999999999787e-01,1.699254000000000042e+00,2.001529000000000114e+00,2.770972950066439601e-03,5.862910368789907289e-02
-8.950226000000000015e-01,1.699100000000000055e+00,2.001018999999999881e+00,2.610850721508322335e-03,0.000000000000000000e+00
-8.950226000000000015e-01,1.699100000000000055e+00,2.001018999999999881e+00,2.610850721508322335e-03,1.172290610084481821e-01
-8.940983000000000125e-01,1.698806999999999956e+00,2.000185000000000102e+00,2.658555239222937846e-03,2.663730032532853759e-02
-8.938488999999999463e-01,1.698622000000000076e+00,2.000119999999999898e+00,2.454618074161472093e-03,0.000000000000000000e+00
-8.938488999999999463e-01,1.698622000000000076e+00,2.000119999999999898e+00,2.454618074161472093e-03,3.037043282032441879e-02
-8.935408999999999713e-01,1.698606000000000060e+00,1.999962000000000018e+00,2.451235013212752466e-03,5.971935081478743634e-02
-8.929605000000000459e-01,1.698439999999999950e+00,1.999811000000000005e+00,2.426068838676995881e-03,0.000000000000000000e+00
-8.929605000000000459e-01,1.698439999999999950e+00,1.999811000000000005e+00,2.426068838676995881e-03,2.772284045369551725e-02
-8.931641999999999637e-01,1.698350000000000026e+00,1.999627000000000043e+00,2.311669301608681310e-03,1.872701379954306786e-02
-8.929956000000000005e-01,1.698250000000000037e+00,1.999521000000000104e+00,2.293546380607964889e-03,0.000000000000000000e+00
-8.929956000000000005e-01,1.698250000000000037e+00,1.999521000000000104e+00,2.293546380607964889e-03,4.485257090216537845e-02
-8.925307000000000102e-01,1.698140999999999901e+00,1.999627999999999961e+00,2.373149386363932346e-03,2.128269843468656025e-02
-8.923375999999999530e-01,1.698072000000000026e+00,1.999776999999999916e+00,2.399145472871577929e-03,8.407016674210288087e-02
-8.914347000000000243e-01,1.697961999999999971e+00,1.999894999999999978e+00,2.944491265057468631e-03,5.592263274389676353e-02
-8.908601000000000436e-01,1.697951999999999906e+00,1.999988000000000099e+00,3.406815118259185100e-03,0.000000000000000000e+00
-8.908601000000000436e-01,1.697951999999999906e+00,1.999988000000000099e+00,3.406815118259185100e-03,5.886517251680620927e-02
-8.902742999999999629e-01,1.697805999999999926e+00,2.000207000000000068e+00,3.852772727530138098e-03,1.563518048468454380e-01
-8.888964999999999783e-01,1.698055000000000092e+00,2.001037000000000177e+00,5.299009889592668984e-03,0.000000000000000000e+00
-8.888964999999999783e-01,1.698055000000000092e+00,2.001037000000000177e+00,5.299009889592668984e-03,0.000000000000000000e+00
